7.49676
7.49676
7.49675
7.49597
7.48584
7.35271
6.78145
6.16767
5.81268
5.65083
5.59494
5.55728
5.53106
5.51219
5.49812
5.48733
5.47877
5.47184
5.46604
5.46116
5.4569
5.45319
5.44985
5.44711
5.45109
5.57391
6.2419
6.99166
6.10881
5.50594
5.42444
5.41694
5.41251
5.40833
5.4044
5.40061
5.39704
5.39358
5.39032
5.38716
5.38418
5.38128
5.37854
5.37588
5.37337
5.37092
5.3686
5.36634
5.3642
5.36212
5.36015
5.35822
5.35639
5.35461
5.35292
5.35127
5.34969
5.34815
5.3467
5.34527
5.34393
5.34261
5.34136
5.34012
5.33895
5.33779
5.33671
5.33564
5.33462
5.33362
5.33271
5.33181
5.331
5.33035
5.34239
5.35668
5.37116
5.38575
5.40045
5.41523
5.43012
5.44508
5.46014
5.47527
5.49051
5.50582
5.52122
5.53671
5.55229
5.56794
5.5837
5.59954
5.61545
5.63147
5.64756
5.66374
5.67999
5.69634
5.71276
5.72928
5.74586
5.76253
5.77926
5.79608
5.81297
5.82993
5.84696
5.86406
5.88122
5.89845
5.91573
5.93306
5.95047
5.96786
5.98535
6.00286
6.0204
6.03797
6.05555
6.07315
6.09074
6.10833
6.12591
6.14345
6.16096
6.17842
6.19582
6.21313
6.23035
6.24746
6.26444
6.28126
6.29793
6.31434
6.33058
6.34655
6.36228
6.37796
6.3899
6.40585
6.45011
6.47221
6.49273
6.51618
6.54289
6.57237
6.60413
6.63772
6.67277
6.70894
6.74598
6.78365
6.82175
6.86007
6.89843
6.93662
6.97443
7.01163
7.04797
7.08321
7.11711
7.14943
7.17997
7.20857
7.2351
7.25947
7.28166
7.30165
7.31952
7.33534
7.34924
7.36135
7.37183
7.38086
7.38864
7.39541
7.40143
7.40687
7.41242
7.41901
7.42824
7.44279
7.46631
7.49677
13.1253
13.1253
13.1253
13.1258
13.1309
13.2307
13.7363
14.266
14.4855
-3.8249
13.9144
14.0488
14.0591
14.0613
14.059
14.0536
14.0461
14.0368
14.0258
14.0131
13.9985
13.9815
13.9614
13.9366
13.8983
13.7286
12.9831
-4.82177
13.1727
13.8481
13.9714
14.0079
14.0344
14.0564
14.0751
14.0915
14.106
14.1192
14.131
14.142
14.152
14.1613
14.17
14.1781
14.1857
14.1928
14.1995
14.2059
14.2119
14.2176
14.2231
14.2282
14.2331
14.2378
14.2422
14.2465
14.2505
14.2544
14.2579
14.2614
14.2646
14.2676
14.27
14.2709
14.2665
14.26
14.2723
14.2694
14.2575
14.2251
14.2781
14.2729
14.1516
14.044
14.8702
14.9391
14.9704
14.9873
14.9965
15.0009
15.002
15.0006
14.9974
14.9927
14.9867
14.9798
14.972
14.9634
14.9542
14.9444
14.9341
14.9233
14.9121
14.9005
14.8885
14.8762
14.8636
14.8507
14.8375
14.8241
14.8104
14.7965
14.7824
14.7681
14.7535
14.7388
14.7239
14.7089
14.6936
14.6783
14.6628
14.6471
14.6313
14.6155
14.5994
14.5833
14.5671
14.5509
14.5345
14.5181
14.5016
14.4851
14.4685
14.452
14.4354
14.4188
14.4023
14.3858
14.3693
14.353
14.3367
14.3205
14.3045
14.2887
14.273
14.2576
14.2424
14.2272
14.2157
14.2003
14.1565
14.135
14.115
14.0922
14.0661
14.0373
14.0062
13.9733
13.939
13.9035
13.8671
13.83
13.7925
13.7548
13.717
13.6793
13.642
13.6053
13.5693
13.5345
13.501
13.469
13.4388
13.4105
13.3842
13.3601
13.3381
13.3184
13.3007
13.2851
13.2713
13.2594
13.2491
13.2402
13.2325
13.2259
13.22
13.2146
13.2092
13.2027
13.1936
13.1791
13.1557
13.1253
0.00046304
0.00046304
0.000463024
0.000462815
0.000463566
0.000474983
0.00058954
0.00107432
0.00188688
0.00254648
0.00283842
0.00305777
0.00322237
0.0033473
0.003444
0.00352059
0.00358257
0.00363388
0.00367716
0.00371439
0.00374691
0.00377582
0.00380181
0.00382578
0.00385451
0.00402454
0.00627277
0.0201179
0.00561861
0.00407957
0.00403432
0.00406997
0.00410692
0.00414244
0.00417662
0.00420944
0.00424108
0.00427149
0.00430083
0.00432906
0.00435632
0.00438256
0.00440791
0.00443233
0.00445593
0.00447867
0.00450066
0.00452185
0.00454235
0.00456211
0.00458124
0.00459968
0.00461753
0.00463474
0.00465142
0.0046675
0.00468306
0.00469809
0.00471265
0.0047267
0.00474033
0.00475349
0.00476624
0.00477855
0.0047905
0.00480209
0.00481321
0.00482399
0.00483452
0.00484461
0.00485407
0.00486327
0.00487182
0.00487867
0.00475627
0.00461496
0.00447663
0.00434177
0.00421056
0.00408298
0.00395903
0.00383862
0.0037217
0.00360817
0.00349799
0.00339106
0.00328731
0.00318667
0.00308907
0.00299442
0.00290269
0.00281378
0.00272762
0.00264418
0.00256336
0.00248512
0.00240937
0.00233608
0.00226517
0.00219659
0.00213027
0.00206617
0.00200422
0.00194437
0.00188656
0.00183074
0.00177686
0.00172486
0.0016747
0.00162633
0.00157969
0.00153475
0.00149148
0.00144973
0.00140961
0.00137098
0.00133382
0.00129809
0.00126374
0.00123074
0.00119906
0.00116864
0.00113947
0.00111149
0.00108469
0.00105902
0.00103445
0.00101096
0.000988505
0.000967066
0.000946613
0.000927119
0.000908579
0.000890892
0.000874147
0.000858254
0.000843278
0.000829427
0.000812607
0.000799459
0.000812708
0.000798072
0.000777601
0.000756327
0.000735012
0.000713675
0.000692334
0.000671075
0.000650031
0.000629361
0.000609238
0.000589831
0.000571296
0.000553766
0.000537343
0.000522096
0.000508055
0.000495217
0.00048355
0.000472998
0.000463495
0.000454961
0.000447319
0.000440492
0.000434409
0.000429002
0.000424211
0.00041998
0.000416259
0.000412998
0.000410155
0.000407687
0.00040556
0.000403748
0.000402242
0.000401065
0.000400275
0.000399867
0.000400268
0.00040218
0.000406896
0.000416848
0.000435832
0.00046304
0.000878274
0.000878274
0.000878278
0.000879005
0.000888777
0.000943745
0.00100975
0.0010392
0.00104051
0.00102983
0.0010169
0.00100373
0.000990463
0.000977365
0.000964688
0.000952577
0.000941095
0.000930253
0.00092003
0.000910392
0.000901297
0.000892705
0.000884575
0.00087687
0.000869558
0.000862595
0.000855765
0.000848089
0.000854997
0.000860365
0.000865354
0.000870114
0.000874664
0.000879016
0.000883179
0.000887161
0.00089097
0.000894613
0.000898098
0.000901431
0.000904617
0.000907662
0.000910572
0.000913352
0.000916006
0.00091854
0.000920957
0.000923263
0.00092546
0.000927554
0.000929548
0.000931446
0.000933251
0.000934968
0.000936599
0.000938148
0.000939618
0.000941013
0.000942335
0.000943587
0.000944772
0.000945894
0.000946954
0.000947955
0.0009489
0.000949792
0.000950631
0.000951418
0.000952155
0.000952835
0.000953449
0.00095397
0.000954333
0.000954386
0.000953797
0.000952853
0.000951753
0.000950585
0.000949388
0.000948181
0.00094697
0.000945762
0.000944557
0.000943357
0.000942164
0.000940977
0.000939798
0.000938626
0.000937463
0.000936309
0.000935165
0.00093403
0.000932906
0.000931792
0.00093069
0.0009296
0.000928522
0.000927456
0.000926404
0.000925365
0.000924339
0.000923328
0.000922331
0.000921349
0.000920382
0.00091943
0.000918495
0.000917575
0.000916671
0.000915783
0.000914913
0.000914059
0.000913222
0.000912403
0.000911601
0.000910817
0.000910051
0.000909303
0.000908573
0.000907861
0.000907168
0.000906493
0.000905836
0.000905199
0.00090458
0.00090398
0.000903399
0.000902837
0.000902294
0.000901771
0.000901266
0.000900782
0.000900319
0.000899877
0.000899462
0.00089908
0.000898748
0.000898498
0.000898392
0.000898341
0.000898071
0.000897622
0.000897049
0.000896396
0.000895696
0.000894968
0.000894224
0.00089347
0.000892712
0.000891955
0.000891204
0.000890462
0.000889735
0.000889024
0.000888333
0.000887664
0.00088702
0.000886402
0.000885811
0.000885247
0.000884711
0.000884203
0.000883722
0.000883267
0.000882839
0.000882436
0.000882057
0.0008817
0.000881365
0.00088105
0.000880755
0.000880477
0.000880215
0.000879969
0.000879736
0.000879517
0.00087931
0.000879113
0.000878927
0.000878751
0.000878584
0.000878432
0.000878311
0.000878274
0.000511983
0.000511983
0.000511953
0.000510269
0.000487459
0.000358525
0.000195842
9.03098e-05
2.59199e-05
0
1.81205e-08
4.41592e-08
3.81569e-08
3.2728e-08
2.81372e-08
2.42464e-08
2.0907e-08
1.7997e-08
1.54234e-08
1.31167e-08
1.10249e-08
9.10866e-09
7.33721e-09
5.69242e-09
4.1512e-09
2.69618e-09
1.31932e-09
0
2.22156e-09
4.33364e-09
6.36817e-09
8.31548e-09
1.01945e-08
1.20074e-08
1.37594e-08
1.54546e-08
1.70967e-08
1.86888e-08
2.02335e-08
2.17334e-08
2.31906e-08
2.4607e-08
2.59844e-08
2.73243e-08
2.86283e-08
2.98978e-08
3.11342e-08
3.23387e-08
3.35125e-08
3.46567e-08
3.5772e-08
3.68589e-08
3.79174e-08
3.89469e-08
3.9946e-08
4.09123e-08
4.18434e-08
4.27367e-08
4.3591e-08
4.44062e-08
4.51788e-08
4.58786e-08
4.6373e-08
4.62077e-08
4.39203e-08
4.0921e-08
4.53752e-08
4.3747e-08
3.88523e-08
2.85624e-08
4.61485e-08
4.36292e-08
1.41597e-08
5.22925e-09
1.17791e-05
2.5345e-05
3.86389e-05
5.16474e-05
6.43691e-05
7.68065e-05
8.89622e-05
0.00010084
0.000112444
0.000123779
0.000134848
0.000145657
0.000156209
0.000166509
0.00017656
0.000186368
0.000195936
0.000205268
0.000214367
0.000223239
0.000231886
0.000240313
0.000248522
0.000256519
0.000264306
0.000271886
0.000279264
0.000286443
0.000293426
0.000300218
0.00030682
0.000313237
0.000319471
0.000325527
0.000331406
0.000337113
0.000342651
0.000348021
0.000353228
0.000358275
0.000363163
0.000367896
0.000372478
0.00037691
0.000381195
0.000385337
0.000389336
0.000393197
0.000396922
0.000400513
0.000403972
0.000407301
0.000410504
0.000413581
0.000416536
0.00041937
0.000422085
0.000424684
0.000427168
0.000429541
0.000431805
0.000433967
0.000436035
0.000438028
0.000439996
0.000442012
0.000444077
0.000446275
0.000448642
0.000451178
0.000453861
0.000456659
0.000459534
0.000462448
0.000465365
0.000468255
0.000471089
0.000473845
0.000476506
0.000479058
0.000481492
0.000483802
0.000485984
0.000488038
0.000489965
0.000491768
0.000493451
0.000495019
0.000496477
0.000497832
0.00049909
0.000500257
0.000501339
0.000502343
0.000503275
0.000504141
0.000504946
0.000505695
0.000506394
0.000507047
0.00050766
0.000508235
0.000508776
0.000509288
0.000509773
0.000510234
0.000510676
0.000511102
0.000511525
0.000511979
