7.49676
7.49676
7.49676
7.49635
7.49213
7.42075
6.95666
6.30894
5.90121
5.67815
5.61101
5.56781
5.53853
5.51768
5.50223
5.49044
5.48113
5.47364
5.46743
5.46222
5.45771
5.45381
5.45031
5.44735
5.44912
5.54821
6.20162
6.99166
6.06711
5.48825
5.42256
5.41578
5.41116
5.40677
5.40265
5.39869
5.39496
5.39137
5.38799
5.38472
5.38165
5.37867
5.37587
5.37315
5.37059
5.3681
5.36576
5.36348
5.36134
5.35925
5.35728
5.35536
5.35355
5.35179
5.35013
5.3485
5.34695
5.34545
5.34404
5.34265
5.34134
5.34006
5.33885
5.33767
5.33651
5.33545
5.33444
5.33346
5.33259
5.33214
5.34685
5.3626
5.37854
5.39459
5.41077
5.42704
5.44342
5.45989
5.47648
5.49316
5.50995
5.52683
5.54384
5.56093
5.57814
5.59544
5.61286
5.63037
5.64799
5.66571
5.68353
5.70146
5.71948
5.73762
5.75584
5.77417
5.79259
5.81112
5.82973
5.84845
5.86726
5.88616
5.90515
5.92423
5.9434
5.96266
5.982
6.00142
6.02091
6.04049
6.06014
6.07985
6.09966
6.11945
6.13938
6.15933
6.17932
6.19936
6.21943
6.23953
6.25965
6.27978
6.29992
6.32004
6.34014
6.36022
6.38024
6.40021
6.42009
6.43989
6.45956
6.4791
6.4985
6.51766
6.53665
6.55539
6.57384
6.59199
6.60977
6.62716
6.64418
6.66076
6.67079
6.70615
6.74991
6.76903
6.79086
6.81711
6.84702
6.87973
6.91451
6.95074
6.98789
7.02548
7.0631
7.10035
7.13682
7.17213
7.20592
7.23783
7.26756
7.29487
7.31959
7.34162
7.36093
7.3776
7.39172
7.40346
7.41301
7.42058
7.42638
7.43065
7.43358
7.43538
7.43627
7.43646
7.43621
7.43573
7.43541
7.4363
7.43997
7.44938
7.46884
7.49677
13.1253
13.1253
13.1253
13.1256
13.1267
13.1731
13.5816
14.1576
14.4622
13.8325
-3.73435
14.0513
14.0569
14.0625
14.0637
14.0612
14.0559
14.0483
14.0386
14.0269
14.0131
13.9967
13.9771
13.9527
13.9168
13.771
13.04
-4.82177
13.223
13.8743
13.9818
14.0176
14.0443
14.0665
14.0854
14.1019
14.1166
14.1298
14.1418
14.1529
14.163
14.1724
14.1811
14.1892
14.1969
14.204
14.2108
14.2172
14.2232
14.2289
14.2343
14.2395
14.2444
14.249
14.2535
14.2577
14.2616
14.2652
14.2685
14.2716
14.2761
14.272
14.2432
14.2781
-3.77844
14.2556
14.2707
14.2034
13.7785
14.4025
14.8878
14.9487
14.9763
14.9907
14.9977
15.0001
14.9992
14.996
14.991
14.9845
14.9767
14.968
14.9584
14.9481
14.9371
14.9255
14.9134
14.9008
14.8877
14.8743
14.8604
14.8463
14.8318
14.817
14.8019
14.7865
14.7709
14.755
14.7389
14.7225
14.706
14.6892
14.6723
14.6552
14.6378
14.6203
14.6027
14.5849
14.5669
14.5488
14.5305
14.5121
14.4936
14.475
14.4563
14.4374
14.4185
14.3994
14.3803
14.3612
14.3419
14.3226
14.3033
14.2839
14.2646
14.2452
14.2258
14.2065
14.1872
14.168
14.1489
14.1298
14.1109
14.0922
14.0737
14.0554
14.0373
14.0195
14.0021
13.985
13.9683
13.9521
13.9424
13.9073
13.8639
13.8451
13.8236
13.7977
13.7682
13.7359
13.7016
13.6657
13.629
13.5918
13.5546
13.5177
13.4815
13.4465
13.4131
13.3814
13.3519
13.3249
13.3004
13.2785
13.2594
13.2429
13.2289
13.2173
13.2079
13.2005
13.1948
13.1906
13.1878
13.186
13.1852
13.1851
13.1854
13.186
13.1864
13.1855
13.1819
13.1726
13.1532
13.1253
0.00046304
0.00046304
0.00046302
0.000462768
0.000463102
0.000468772
0.00053775
0.000896331
0.0016182
0.00241706
0.00275057
0.00299448
0.0031745
0.00331042
0.00341542
0.00349839
0.00356532
0.00362047
0.00366673
0.0037063
0.00374065
0.00377102
0.00379817
0.003823
0.00385037
0.00398883
0.0060182
0.0201179
0.00542744
0.00406421
0.00404065
0.00407946
0.00411849
0.00415591
0.00419186
0.00422631
0.00425945
0.00429122
0.00432181
0.00435116
0.00437941
0.00440654
0.00443267
0.00445776
0.00448194
0.00450515
0.00452754
0.00454904
0.00456977
0.00458969
0.0046089
0.00462737
0.00464519
0.00466233
0.00467887
0.00469478
0.00471013
0.00472491
0.00473919
0.00475294
0.00476624
0.00477909
0.00479154
0.00480333
0.00481525
0.0048259
0.00483636
0.00484637
0.00485544
0.00486025
0.00471168
0.00455779
0.00440786
0.00426226
0.0041211
0.0039843
0.00385183
0.00372354
0.00359937
0.00347917
0.00336289
0.00325038
0.00314159
0.00303638
0.0029347
0.00283643
0.00274149
0.00264979
0.00256125
0.00247577
0.00239328
0.0023137
0.00223694
0.00216293
0.00209158
0.00202283
0.00195659
0.0018928
0.00183137
0.00177226
0.00171536
0.00166064
0.00160801
0.00155742
0.00150879
0.00146207
0.0014172
0.00137411
0.00133276
0.00129307
0.00125501
0.00121851
0.00118355
0.00114998
0.0011179
0.00108715
0.00105772
0.00102957
0.00100264
0.000976898
0.000952299
0.000928803
0.000906372
0.000884967
0.000864554
0.000845096
0.00082656
0.000808912
0.000792123
0.000776161
0.000760998
0.000746606
0.000732977
0.000720012
0.000707795
0.000696232
0.000685317
0.00067503
0.000665354
0.000656275
0.000647881
0.000640133
0.000626274
0.000637684
0.000654356
0.000639584
0.000623562
0.000608338
0.000593595
0.00057904
0.000564564
0.000550203
0.000536081
0.000522364
0.000509228
0.000496828
0.00048528
0.000474656
0.000464978
0.00045623
0.00044837
0.000441335
0.000435057
0.000429467
0.000424499
0.000420098
0.000416212
0.000412796
0.000409811
0.00040722
0.000404987
0.000403078
0.000401463
0.000400117
0.000399028
0.000398208
0.000397714
0.000397586
0.000398034
0.000399852
0.000404347
0.000414177
0.0004338
0.00046304
0.000878274
0.000878274
0.000878272
0.000878603
0.00088478
0.000928354
0.000993997
0.0010313
0.00104005
0.00103443
0.00102182
0.00100926
0.000996671
0.000984037
0.000971538
0.00095935
0.000947591
0.000936326
0.000925581
0.000915356
0.000905636
0.000896399
0.00088762
0.000879272
0.000871329
0.000863756
0.000856356
0.000848089
0.000855465
0.000861242
0.000866631
0.000871768
0.00087667
0.000881349
0.000885813
0.000890071
0.000894132
0.000898004
0.000901693
0.000905208
0.000908554
0.000911738
0.000914767
0.000917646
0.000920381
0.000922978
0.000925442
0.000927778
0.000929992
0.000932089
0.000934073
0.000935949
0.000937722
0.000939396
0.000940975
0.000942464
0.000943866
0.000945185
0.000946426
0.000947592
0.000948685
0.00094971
0.000950669
0.000951564
0.000952396
0.000953161
0.000953847
0.000954422
0.000954809
0.00095483
0.000954104
0.000953028
0.0009518
0.000950507
0.000949188
0.000947859
0.000946529
0.000945202
0.00094388
0.000942563
0.000941254
0.000939952
0.000938658
0.000937374
0.000936099
0.000934834
0.000933581
0.000932339
0.000931108
0.000929891
0.000928686
0.000927495
0.000926318
0.000925156
0.000924008
0.000922876
0.00092176
0.00092066
0.000919576
0.000918509
0.000917459
0.000916426
0.000915411
0.000914414
0.000913435
0.000912474
0.000911532
0.000910608
0.000909703
0.000908816
0.000907949
0.000907101
0.000906273
0.000905463
0.000904673
0.000903902
0.000903151
0.000902419
0.000901707
0.000901014
0.000900341
0.000899687
0.000899052
0.000898437
0.000897842
0.000897265
0.000896709
0.000896171
0.000895653
0.000895154
0.000894674
0.000894213
0.000893771
0.000893349
0.000892946
0.000892563
0.000892202
0.000891865
0.000891559
0.000891297
0.000891108
0.000891053
0.000891236
0.000891371
0.000891189
0.000890778
0.000890222
0.000889593
0.000888938
0.00088828
0.00088763
0.000886994
0.000886376
0.000885778
0.000885204
0.000884655
0.000884132
0.000883638
0.000883172
0.000882735
0.000882327
0.000881946
0.000881593
0.000881265
0.000880962
0.000880682
0.000880423
0.000880184
0.000879963
0.000879759
0.000879569
0.000879393
0.00087923
0.000879077
0.000878935
0.000878802
0.000878678
0.000878561
0.000878452
0.000878351
0.000878259
0.000878185
0.000878158
0.000878274
0.000511983
0.000511983
0.000511963
0.00051121
0.000496807
0.000394873
0.000236517
0.000122144
4.72471e-05
1.8344e-08
0
4.97867e-08
4.00354e-08
3.47842e-08
3.05229e-08
2.67578e-08
2.33838e-08
2.03395e-08
1.75728e-08
1.50397e-08
1.27041e-08
1.05367e-08
8.51288e-09
6.61785e-09
4.83468e-09
3.14277e-09
1.53787e-09
0
2.40261e-09
4.68752e-09
6.88666e-09
8.99413e-09
1.10264e-08
1.29869e-08
1.48811e-08
1.67135e-08
1.84879e-08
2.02078e-08
2.18761e-08
2.34955e-08
2.50684e-08
2.65971e-08
2.80836e-08
2.95298e-08
3.09376e-08
3.23085e-08
3.3644e-08
3.49456e-08
3.62142e-08
3.74509e-08
3.86561e-08
3.98306e-08
4.09743e-08
4.20868e-08
4.31653e-08
4.42025e-08
4.51817e-08
4.60751e-08
4.68615e-08
4.76364e-08
4.90463e-08
4.66646e-08
3.54055e-08
4.83033e-08
0
3.84584e-08
4.37788e-08
2.3344e-08
4.62526e-10
1.44408e-07
1.44346e-05
2.92377e-05
4.36932e-05
5.77956e-05
7.15489e-05
8.49601e-05
9.80358e-05
0.000110783
0.000123207
0.000135317
0.000147116
0.000158612
0.00016981
0.000180716
0.000191336
0.000201675
0.000211738
0.000221531
0.000231058
0.000240326
0.000249338
0.0002581
0.000266617
0.000274894
0.000282935
0.000290746
0.000298331
0.000305694
0.000312841
0.000319775
0.000326502
0.000333026
0.000339351
0.000345482
0.000351422
0.000357176
0.000362749
0.000368143
0.000373364
0.000378415
0.0003833
0.000388022
0.000392586
0.000396995
0.000401252
0.000405362
0.000409327
0.000413151
0.000416837
0.000420389
0.000423809
0.000427101
0.000430268
0.000433311
0.000436235
0.000439042
0.000441735
0.000444316
0.000446787
0.000449151
0.000451411
0.000453568
0.000455625
0.000457583
0.000459446
0.000461215
0.000462892
0.000464482
0.000465989
0.000467421
0.000468796
0.000470148
0.000471558
0.000472992
0.000474379
0.000475817
0.000477347
0.000478981
0.000480708
0.000482505
0.00048434
0.000486184
0.000488007
0.000489787
0.000491504
0.000493145
0.0004947
0.000496162
0.000497529
0.000498799
0.000499975
0.00050106
0.000502058
0.000502974
0.000503814
0.000504583
0.000505288
0.000505935
0.000506529
0.000507075
0.000507579
0.000508044
0.000508476
0.000508877
0.000509252
0.000509603
0.000509934
0.000510245
0.00051054
0.00051082
0.00051109
0.000511354
0.000511631
0.000511979
