7.49676
7.49676
7.49676
7.4965
7.49645
7.49636
7.49206
7.40869
7.01484
6.51575
6.14413
5.88915
5.71048
5.58043
5.52773
5.50718
5.49127
5.47885
5.46904
5.46142
5.45541
5.4508
5.44712
5.4443
5.44215
5.45351
5.86258
6.99166
5.76431
5.42765
5.41298
5.40605
5.39971
5.39381
5.38843
5.38343
5.37888
5.37464
5.37081
5.36723
5.364
5.36097
5.35823
5.35567
5.35332
5.35119
5.34923
5.34749
5.34606
5.347
5.37679
5.40757
5.43882
5.47041
5.5024
5.5347
5.56738
5.60037
5.63374
5.66743
5.70147
5.73582
5.77053
5.80553
5.84087
5.8765
5.91244
5.94866
5.98518
6.02194
6.05899
6.09626
6.13378
6.1715
6.20943
6.24752
6.28578
6.32416
6.36267
6.40123
6.43986
6.47849
6.5171
6.55564
6.59409
6.63236
6.67045
6.70825
6.74576
6.78286
6.81953
6.85569
6.89125
6.92616
6.96033
6.9937
7.02617
7.0577
7.0882
7.11761
7.14586
7.17291
7.1987
7.22322
7.24641
7.26827
7.28879
7.30798
7.32585
7.34243
7.35775
7.37185
7.38481
7.39659
7.40738
7.41716
7.426
7.43398
7.44117
7.44761
7.45338
7.45853
7.46313
7.46721
7.47083
7.47404
7.47687
7.47938
7.48158
7.48352
7.48523
7.48672
7.48805
7.48917
7.49019
7.49106
7.49182
7.49249
7.49307
7.49357
7.49401
7.49439
7.49472
7.495
7.49525
7.49546
7.49564
7.4958
7.49594
7.49606
7.49616
7.49624
7.49632
7.49639
7.49643
7.49649
7.49653
7.49656
7.49659
7.49662
7.49664
7.49666
7.49667
7.49669
7.4967
7.49671
7.49672
7.49672
7.49673
7.49674
7.49674
7.49674
7.49675
7.49676
7.49675
7.49676
7.49676
7.49676
7.49676
7.49676
7.49676
7.49676
7.49677
7.49677
13.1253
13.1253
13.1253
13.1256
13.1257
13.125
13.1232
13.1905
13.5603
14.0293
14.364
14.5714
14.6796
14.6353
13.5576
-3.93312
14.0645
14.1376
14.1392
14.1314
14.1191
14.103
14.0832
14.0584
14.0263
13.9681
13.4811
-4.82179
13.602
14.0117
14.0676
14.1032
14.1312
14.1543
14.1738
14.1906
14.2051
14.218
14.2296
14.2402
14.2502
14.2437
14.2559
14.2336
-3.63233
14.2483
-3.23745
14.2019
14.2386
14.6352
14.9334
14.9736
14.9833
14.9801
14.9697
14.9546
14.936
14.915
14.8918
14.8671
14.8409
14.8135
14.785
14.7555
14.7252
14.6941
14.6623
14.6299
14.5968
14.5632
14.529
14.4944
14.4593
14.4238
14.388
14.3518
14.3153
14.2785
14.2415
14.2044
14.167
14.1296
14.0921
14.0545
14.017
13.9796
13.9423
13.9053
13.8685
13.832
13.7959
13.7603
13.7252
13.6908
13.657
13.6241
13.592
13.5608
13.5306
13.5014
13.4735
13.4466
13.4211
13.3968
13.3738
13.3521
13.3317
13.3126
13.2949
13.2784
13.2632
13.2492
13.2364
13.2247
13.214
13.2043
13.1955
13.1876
13.1804
13.174
13.1683
13.1632
13.1586
13.1546
13.151
13.1478
13.145
13.1425
13.1403
13.1384
13.1367
13.1352
13.1339
13.1328
13.1318
13.1309
13.1302
13.1295
13.129
13.1285
13.128
13.1277
13.1273
13.1271
13.1268
13.1266
13.1264
13.1263
13.1261
13.126
13.1259
13.1258
13.1258
13.1257
13.1256
13.1256
13.1256
13.1255
13.1255
13.1255
13.1254
13.1254
13.1254
13.1254
13.1254
13.1254
13.1254
13.1254
13.1254
13.1254
13.1253
13.1253
13.1253
13.1253
13.1253
13.1253
13.1253
13.1253
13.1253
13.1253
13.1253
13.1253
13.1253
13.1253
0.00046304
0.00046304
0.000462956
0.000462638
0.000462777
0.000462869
0.000463212
0.000469857
0.000524697
0.000721096
0.00111017
0.00165187
0.00227454
0.00292117
0.00324411
0.00338163
0.00349232
0.00358212
0.00365443
0.0037123
0.00375812
0.00379436
0.00382291
0.00384571
0.0038643
0.00389331
0.0046244
0.0201178
0.00448983
0.00404812
0.00410325
0.00416214
0.00421751
0.00426931
0.00431774
0.00436282
0.00440478
0.0044437
0.00447984
0.00451327
0.00454428
0.00457301
0.00459968
0.00462425
0.00464741
0.00466809
0.00468762
0.00470468
0.00471918
0.00470987
0.00442401
0.00414846
0.00388857
0.00364414
0.0034147
0.00319948
0.00299787
0.00280911
0.0026326
0.00246764
0.00231368
0.00217006
0.00203628
0.00191172
0.00179591
0.0016883
0.00158843
0.00149581
0.00141003
0.00133061
0.0012572
0.00118937
0.00112679
0.00106907
0.00101592
0.000966987
0.000922019
0.000880695
0.000842791
0.000808021
0.00077619
0.000747044
0.000720413
0.000696071
0.000673872
0.000653616
0.00063518
0.000618385
0.000603129
0.000589254
0.00057667
0.000565259
0.000554908
0.000545551
0.000537074
0.000529426
0.000522507
0.000516277
0.000510648
0.000505591
0.000501027
0.000496935
0.000493248
0.000489946
0.000486981
0.000484324
0.000481945
0.000479818
0.000477916
0.000476217
0.000474701
0.00047335
0.000472174
0.000471059
0.000470134
0.000469289
0.00046854
0.000467877
0.00046729
0.000466771
0.000466312
0.000465908
0.000465551
0.000465237
0.00046496
0.000464717
0.000464503
0.000464316
0.000464151
0.000464007
0.00046388
0.000463768
0.000463691
0.000463575
0.00046352
0.000463455
0.000463398
0.00046335
0.000463308
0.000463271
0.00046324
0.000463212
0.000463188
0.000463168
0.00046315
0.000463135
0.000463121
0.00046311
0.0004631
0.000463091
0.000463084
0.000463077
0.00046307
0.000463079
0.000463053
0.000463063
0.000463058
0.000463055
0.000463053
0.000463051
0.000463049
0.000463048
0.000463047
0.000463046
0.000463045
0.000463044
0.000463044
0.000463043
0.000463043
0.000463043
0.000463042
0.000463042
0.00046304
0.000463049
0.000463034
0.000463043
0.000463041
0.000463041
0.000463041
0.000463041
0.000463041
0.000463041
0.00046304
0.00046304
0.000878275
0.000878275
0.000878252
0.000878162
0.00087815
0.000879718
0.000891687
0.000919886
0.00095327
0.00098125
0.000999691
0.00100942
0.00101298
0.00101233
0.00100619
0.00099797
0.000988626
0.000978177
0.000966698
0.000954361
0.000941385
0.000928003
0.000914436
0.000900881
0.000887507
0.000874449
0.000861747
0.000848089
0.000860059
0.000869974
0.000879259
0.000887946
0.000896026
0.000903503
0.000910387
0.000916695
0.000922448
0.000927672
0.000932396
0.000936651
0.000940466
0.000943875
0.000946908
0.000949593
0.000951958
0.000954017
0.000955774
0.000957189
0.000958125
0.000958212
0.000956764
0.000954679
0.000952335
0.000949888
0.000947405
0.000944916
0.000942436
0.000939975
0.000937539
0.000935135
0.000932766
0.000930437
0.000928152
0.000925915
0.000923728
0.000921595
0.000919518
0.000917499
0.000915539
0.000913641
0.000911805
0.000910031
0.000908321
0.000906675
0.000905091
0.000903571
0.000902114
0.000900719
0.000899385
0.000898111
0.000896896
0.000895739
0.000894638
0.000893593
0.000892601
0.00089166
0.00089077
0.000889929
0.000889134
0.000888384
0.000887678
0.000887013
0.000886388
0.000885801
0.00088525
0.000884734
0.000884251
0.000883799
0.000883377
0.000882983
0.000882616
0.000882274
0.000881956
0.00088166
0.000881386
0.000881131
0.000880895
0.000880676
0.000880474
0.000880287
0.000880115
0.000879956
0.000879809
0.000879674
0.00087955
0.000879436
0.000879331
0.000879235
0.000879147
0.000879067
0.000878993
0.000878926
0.000878864
0.000878808
0.000878757
0.00087871
0.000878668
0.000878629
0.000878594
0.000878562
0.000878533
0.000878507
0.000878484
0.000878462
0.000878443
0.000878426
0.00087841
0.000878396
0.000878383
0.000878371
0.000878361
0.000878352
0.000878343
0.000878336
0.000878329
0.000878323
0.000878318
0.000878313
0.000878308
0.000878305
0.000878301
0.000878298
0.000878295
0.000878293
0.000878291
0.000878289
0.000878287
0.000878286
0.000878284
0.000878283
0.000878282
0.000878281
0.00087828
0.00087828
0.000878279
0.000878278
0.000878278
0.000878277
0.000878277
0.000878277
0.000878276
0.000878276
0.000878276
0.000878276
0.000878276
0.000878275
0.000878275
0.000878275
0.000878275
0.000878275
0.000878275
0.000878275
0.000878275
0.000878274
0.000511983
0.000511983
0.000511936
0.000512233
0.000512262
0.000508623
0.000480751
0.000414509
0.000332328
0.000251859
0.000179207
0.000115624
6.04134e-05
1.21237e-05
3.64807e-10
0
2.78034e-08
4.85816e-08
4.50387e-08
3.91047e-08
3.30236e-08
2.72897e-08
2.19768e-08
1.70354e-08
1.24308e-08
8.07006e-09
3.93921e-09
0
4.85036e-09
9.50379e-09
1.39014e-08
1.81053e-08
2.21018e-08
2.58927e-08
2.94774e-08
3.28565e-08
3.60371e-08
3.90399e-08
4.19086e-08
4.47213e-08
4.76164e-08
4.35923e-08
4.75653e-08
3.78376e-08
0
4.15682e-08
0
2.62122e-08
3.6276e-08
1.4113e-06
2.89446e-05
5.56717e-05
8.1158e-05
0.000105445
0.00012858
0.00015061
0.000171579
0.000191528
0.000210495
0.000228517
0.000245631
0.00026187
0.000277269
0.000291862
0.00030568
0.000318754
0.000331117
0.000342799
0.000353828
0.000364234
0.000374044
0.000383287
0.000391989
0.000400175
0.00040787
0.000415099
0.000421885
0.000428251
0.000434218
0.000439807
0.000445038
0.000449931
0.000454504
0.000458775
0.000462761
0.000466478
0.000469943
0.000473169
0.000476172
0.000478964
0.000481558
0.000483968
0.000486203
0.000488276
0.000490197
0.000491975
0.000493621
0.000495142
0.000496548
0.000497845
0.000499043
0.000500146
0.000501163
0.000502099
0.00050296
0.000503752
0.000504479
0.000505146
0.000505759
0.00050632
0.000506834
0.000507304
0.000507735
0.000508128
0.000508487
0.000508815
0.000509114
0.000509386
0.000509635
0.00050986
0.000510066
0.000510252
0.000510422
0.000510576
0.000510715
0.000510842
0.000510956
0.000511059
0.000511153
0.000511238
0.000511314
0.000511383
0.000511445
0.000511501
0.000511551
0.000511597
0.000511638
0.000511674
0.000511707
0.000511737
0.000511763
0.000511787
0.000511808
0.000511827
0.000511844
0.000511859
0.000511873
0.000511885
0.000511895
0.000511905
0.000511913
0.000511921
0.000511928
0.000511934
0.000511939
0.000511944
0.000511948
0.000511952
0.000511955
0.000511958
0.00051196
0.000511963
0.000511965
0.000511966
0.000511968
0.000511969
0.000511971
0.000511972
0.000511973
0.000511973
0.000511974
0.000511975
0.000511975
0.000511976
0.000511976
0.000511977
0.000511977
0.000511977
0.000511978
0.000511978
0.000511978
0.000511978
0.000511979
0.000511979
