7.49676
7.49676
7.49676
7.49649
7.49507
7.46497
7.15026
6.49846
6.02785
5.76128
5.6238
5.57955
5.54786
5.52472
5.50742
5.49423
5.48387
5.47562
5.46883
5.46322
5.45841
5.4543
5.45064
5.4475
5.44748
5.52247
6.15162
6.99166
6.01718
5.47113
5.42068
5.41436
5.40948
5.40484
5.4005
5.39633
5.39243
5.38868
5.38517
5.38179
5.37862
5.37557
5.3727
5.36994
5.36735
5.36484
5.36249
5.36022
5.35808
5.35601
5.35407
5.35219
5.35042
5.3487
5.34709
5.34552
5.34402
5.34256
5.34121
5.33989
5.33865
5.33744
5.33633
5.33529
5.33441
5.34
5.35736
5.375
5.39284
5.41081
5.42893
5.44716
5.46554
5.48403
5.50267
5.52141
5.5403
5.5593
5.57844
5.59769
5.61708
5.63658
5.65623
5.67598
5.69587
5.71586
5.736
5.75624
5.77661
5.79709
5.8177
5.83843
5.85927
5.88023
5.90129
5.92248
5.94376
5.96517
5.98667
6.00829
6.03
6.05182
6.07373
6.09573
6.11783
6.14002
6.16229
6.18465
6.20708
6.22959
6.25216
6.2748
6.29752
6.32022
6.34304
6.36588
6.38875
6.41165
6.43456
6.45749
6.48041
6.50333
6.52623
6.54909
6.57192
6.59468
6.61738
6.63998
6.66249
6.68487
6.70711
6.72918
6.75109
6.77274
6.7942
6.81538
6.83626
6.85682
6.87701
6.89679
6.91613
6.93499
6.9533
6.97103
6.98809
7.00446
7.02016
7.03129
7.06228
7.12258
7.13272
7.14811
7.16912
7.19388
7.22076
7.24857
7.27641
7.30352
7.32932
7.35328
7.37504
7.39436
7.41115
7.42543
7.43734
7.44708
7.45491
7.46106
7.46573
7.4691
7.47129
7.47236
7.47235
7.47129
7.46922
7.46624
7.46247
7.45827
7.45374
7.44987
7.44845
7.4529
7.4691
7.49677
13.1253
13.1253
13.1253
13.1256
13.1253
13.1386
13.4089
14.002
14.3985
14.5474
13.9801
13.9975
14.063
14.0766
14.0783
14.0759
14.0705
14.0626
14.0526
14.0405
14.0263
14.0096
13.9896
13.965
13.9307
13.8088
13.1019
-4.82177
13.28
13.8986
13.9908
14.0262
14.0533
14.0758
14.095
14.1119
14.1268
14.1403
14.1526
14.1638
14.1741
14.1837
14.1926
14.2009
14.2087
14.216
14.2228
14.2294
14.2355
14.2413
14.2468
14.2521
14.2571
14.262
14.267
14.2725
14.2638
14.1923
14.2551
14.2721
14.251
14.2161
14.2332
14.2325
14.1911
14.7951
14.9246
14.9661
14.9855
14.9945
14.9975
14.9964
14.9925
14.9864
14.9786
14.9695
14.9591
14.9479
14.9357
14.9229
14.9094
14.8953
14.8806
14.8655
14.8499
14.8339
14.8176
14.8009
14.7838
14.7664
14.7487
14.7308
14.7125
14.694
14.6753
14.6563
14.6371
14.6177
14.5981
14.5782
14.5582
14.538
14.5176
14.4971
14.4764
14.4555
14.4345
14.4133
14.392
14.3706
14.3491
14.3274
14.3056
14.2838
14.2619
14.2398
14.2178
14.1956
14.1734
14.1511
14.1289
14.1065
14.0842
14.0619
14.0396
14.0174
13.9951
13.973
13.9509
13.929
13.9071
13.8854
13.8638
13.8425
13.8214
13.8005
13.7799
13.7596
13.7397
13.7201
13.701
13.6823
13.6642
13.6467
13.6298
13.6136
13.5981
13.5872
13.5564
13.4963
13.4863
13.471
13.4502
13.4255
13.3988
13.3712
13.3435
13.3165
13.2909
13.2671
13.2455
13.2263
13.2096
13.1954
13.1836
13.1739
13.1662
13.1601
13.1555
13.1521
13.15
13.149
13.149
13.1501
13.1523
13.1553
13.1591
13.1634
13.168
13.1719
13.1734
13.169
13.1529
13.1253
0.00046304
0.00046304
0.000463015
0.000462735
0.000462885
0.000465202
0.000500158
0.000732711
0.00131805
0.00207021
0.00268296
0.0029258
0.00311585
0.00326385
0.00337972
0.00347157
0.00354543
0.0036059
0.00365615
0.00369871
0.00373526
0.00376723
0.00379554
0.00382116
0.00384738
0.00395566
0.0057346
0.0201179
0.00522222
0.0040517
0.00404901
0.00409129
0.00413284
0.00417258
0.00421065
0.00424704
0.00428193
0.00431529
0.00434727
0.00437784
0.00440717
0.00443521
0.0044621
0.00448782
0.00451249
0.00453608
0.00455872
0.00458037
0.00460115
0.00462103
0.00464013
0.0046584
0.00467595
0.00469277
0.00470893
0.00472442
0.00473936
0.00475385
0.0047675
0.00478065
0.00479346
0.00480567
0.00481711
0.0048277
0.00483689
0.00478015
0.00460842
0.00444059
0.00427795
0.00412068
0.00396881
0.00382219
0.00368075
0.00354432
0.0034128
0.00328602
0.00316389
0.00304624
0.00293297
0.00282394
0.00271904
0.00261812
0.00252109
0.00242781
0.00233819
0.00225209
0.00216942
0.00209005
0.0020139
0.00194083
0.00187077
0.0018036
0.00173923
0.00167757
0.00161851
0.00156199
0.00150789
0.00145614
0.00140664
0.00135933
0.00131411
0.00127093
0.00122967
0.0011903
0.00115272
0.00111688
0.0010827
0.00105011
0.00101906
0.000989485
0.000961322
0.000934515
0.000909035
0.000884727
0.000861687
0.000839766
0.00081894
0.000799161
0.000780384
0.000762566
0.000745664
0.000729638
0.000714449
0.00070006
0.000686434
0.000673538
0.000661337
0.0006498
0.000638897
0.000628599
0.000618877
0.000609706
0.000601081
0.000592901
0.000585254
0.000578045
0.000571271
0.000564913
0.000558954
0.000553375
0.000548161
0.000543296
0.000538766
0.00053456
0.000530667
0.00052711
0.000524039
0.000517234
0.000531181
0.000574425
0.000555776
0.000539665
0.00052631
0.00051434
0.000502981
0.000492012
0.000481496
0.000471585
0.000462414
0.000454055
0.000446516
0.000439757
0.00043371
0.0004283
0.000423454
0.000419111
0.000415226
0.000411762
0.000408693
0.000405999
0.000403659
0.000401656
0.000399968
0.000398574
0.000397457
0.000396612
0.000396067
0.000395901
0.000396164
0.00039744
0.000401128
0.000410183
0.000430347
0.00046304
0.000878274
0.000878274
0.000878268
0.000878356
0.000881696
0.000912591
0.000973706
0.00101738
0.00103379
0.00103343
0.00102549
0.00101465
0.00100325
0.000991417
0.000979347
0.000967255
0.000955317
0.000943661
0.000932368
0.000921485
0.000911034
0.000901024
0.00089145
0.000882302
0.000873569
0.000865225
0.000857102
0.000848089
0.000856064
0.000862371
0.000868274
0.000873892
0.000879241
0.00088433
0.000889169
0.000893768
0.000898134
0.000902278
0.000906206
0.000909927
0.000913449
0.00091678
0.000919928
0.0009229
0.000925703
0.000928345
0.000930832
0.000933172
0.000935371
0.000937435
0.000939371
0.000941185
0.000942883
0.00094447
0.000945952
0.000947335
0.000948622
0.000949819
0.000950931
0.000951959
0.000952903
0.000953759
0.000954505
0.000955091
0.000955391
0.00095511
0.000954141
0.000952876
0.000951484
0.00095004
0.000948575
0.000947104
0.000945632
0.000944165
0.000942703
0.000941249
0.000939803
0.000938367
0.000936941
0.000935527
0.000934126
0.000932737
0.000931363
0.000930004
0.000928661
0.000927333
0.000926023
0.00092473
0.000923455
0.000922199
0.000920961
0.000919744
0.000918546
0.000917368
0.00091621
0.000915074
0.000913958
0.000912864
0.000911791
0.000910739
0.00090971
0.000908702
0.000907716
0.000906752
0.00090581
0.000904889
0.000903991
0.000903114
0.00090226
0.000901426
0.000900615
0.000899825
0.000899056
0.000898308
0.000897582
0.000896876
0.000896191
0.000895526
0.000894882
0.000894257
0.000893652
0.000893067
0.000892501
0.000891955
0.000891427
0.000890918
0.000890427
0.000889954
0.0008895
0.000889063
0.000888643
0.000888241
0.000887856
0.000887488
0.000887137
0.000886802
0.000886483
0.000886181
0.000885896
0.000885627
0.000885376
0.000885144
0.000884936
0.000884763
0.000884645
0.000884626
0.000884804
0.000885373
0.000886221
0.000886423
0.000886112
0.000885501
0.000884766
0.000884021
0.000883317
0.000882671
0.000882086
0.000881561
0.000881092
0.000880677
0.000880311
0.000879992
0.000879717
0.000879481
0.00087928
0.000879111
0.000878968
0.000878847
0.000878744
0.000878655
0.000878574
0.000878499
0.000878426
0.000878354
0.000878279
0.000878203
0.000878124
0.000878043
0.000877963
0.000877885
0.000877818
0.000877781
0.000877848
0.000878274
0.000511983
0.000511983
0.000511967
0.000511787
0.000504007
0.000431884
0.000286711
0.000167004
8.44039e-05
2.85486e-05
4.33086e-08
3.38026e-08
4.61707e-08
4.22612e-08
3.66101e-08
3.17076e-08
2.74187e-08
2.36276e-08
2.02461e-08
1.72036e-08
1.44427e-08
1.19168e-08
9.58733e-09
7.42635e-09
5.41336e-09
3.51222e-09
1.71631e-09
0
2.56464e-09
5.00499e-09
7.35535e-09
9.61344e-09
1.17941e-08
1.39026e-08
1.59446e-08
1.79251e-08
1.98479e-08
2.17164e-08
2.35334e-08
2.53012e-08
2.70221e-08
2.86982e-08
3.03315e-08
3.19244e-08
3.34791e-08
3.49981e-08
3.64834e-08
3.79367e-08
3.93589e-08
4.07502e-08
4.21111e-08
4.34448e-08
4.47626e-08
4.60964e-08
4.75304e-08
4.93037e-08
4.48999e-08
2.29246e-08
4.03715e-08
4.66395e-08
3.79738e-08
2.72262e-08
3.15539e-08
3.10322e-08
2.10279e-08
5.77027e-06
2.23228e-05
3.84914e-05
5.4226e-05
6.95319e-05
8.44189e-05
9.88965e-05
0.000112974
0.000126659
0.00013996
0.000152886
0.000165443
0.00017764
0.000189483
0.00020098
0.000212138
0.000222965
0.000233467
0.000243651
0.000253525
0.000263095
0.000272369
0.000281353
0.000290054
0.000298479
0.000306634
0.000314526
0.000322161
0.000329546
0.000336686
0.000343589
0.000350259
0.000356704
0.000362928
0.000368939
0.000374741
0.00038034
0.000385742
0.000390952
0.000395975
0.000400817
0.000405483
0.000409978
0.000414307
0.000418474
0.000422485
0.000426344
0.000430055
0.000433623
0.000437052
0.000440347
0.000443511
0.000446549
0.000449464
0.00045226
0.000454941
0.000457511
0.000459973
0.00046233
0.000464585
0.000466742
0.000468804
0.000470773
0.000472653
0.000474446
0.000476155
0.000477782
0.000479329
0.000480799
0.000482195
0.000483517
0.000484769
0.000485952
0.000487067
0.000488118
0.000489106
0.000490033
0.000490904
0.000491726
0.000492511
0.000493286
0.000494104
0.000495081
0.000496232
0.000497066
0.000497697
0.000498277
0.000498876
0.000499532
0.000500243
0.000500992
0.000501754
0.000502508
0.000503235
0.000503921
0.000504558
0.000505139
0.000505663
0.00050613
0.000506543
0.000506909
0.000507231
0.00050752
0.000507781
0.000508023
0.000508254
0.000508481
0.000508708
0.000508941
0.000509182
0.000509433
0.000509693
0.000509961
0.000510236
0.000510514
0.000510797
0.000511092
0.000511438
0.000511979
