    1    11830 
0.0 0.0 10.500994479005902 0.0
0.0 1.0 10.00125904976104 0.0
0.0 2.0 10.499009504659844 0.0
0.0 3.0 10.999005257208763 0.0
0.0 4.0 10.494952488396898 0.0
0.0 5.0 10.490359362321898 0.0
0.0 6.0 10.485259852732336 0.0
0.0 7.0 10.480480594199493 0.0
0.0 8.0 10.4753475783811 0.0
0.0 9.0 10.47050479702457 0.0
0.0 10.0 10.465386112174775 0.0
0.0 11.0 10.460434149535855 0.0
0.0 12.0 10.455445730242722 0.0
0.0 13.0 10.45037775986011 0.0
0.0 14.0 10.445419806274005 0.0
0.0 15.0 10.44032367297239 0.0
0.0 16.0 10.43517417711605 0.0
0.0 17.0 10.430318309476974 0.0
0.0 18.0 10.425173247077625 0.0
0.0 19.0 10.420396878702558 0.0
0.0 20.0 10.41526036330389 0.0
0.0 21.0 10.410425403822353 0.0
0.0 22.0 10.405274331192965 0.0
0.0 23.0 10.400129483240828 0.0
0.0 24.0 10.395304154492882 0.0
0.0 25.0 10.390162030880372 0.0
0.0 26.0 10.385291949606883 0.0
0.0 27.0 10.380218596395286 0.0
0.0 28.0 10.375226383761875 0.0
0.0 29.0 10.370237313471183 0.0
0.0 30.0 10.36504393563836 0.0
0.0 31.0 10.360198370508062 0.0
0.0 32.0 10.355067841671515 0.0
0.0 33.0 10.350271428265948 0.0
0.0 34.0 10.345132905837364 0.0
0.0 35.0 10.34031593330965 0.0
0.0 36.0 10.335174069305493 0.0
0.0 37.0 10.330027208813764 0.0
0.0 38.0 10.325177134880294 0.0
0.0 39.0 10.320013432150004 0.0
0.0 40.0 10.315181685459233 0.0
0.0 41.0 10.310092300227886 0.0
0.0 42.0 10.304950406816413 0.0
0.0 43.0 10.300126081829875 0.0
0.0 44.0 10.294981666485892 0.0
0.0 45.0 10.290160218311899 0.0
0.0 46.0 10.285017167688522 0.0
0.0 47.0 10.280170441903186 0.0
0.0 48.0 10.275042889384075 0.0
0.0 49.0 10.26984836638721 0.0
0.0 50.0 10.26498473167582 0.0
0.0 51.0 10.2598425455382 0.0
0.0 52.0 10.254992606401863 0.0
0.0 53.0 10.249916174520958 0.0
0.0 54.0 10.244960991242754 0.0
0.0 55.0 10.240004647890764 0.0
0.0 56.0 10.235050566142405 0.0
0.0 57.0 10.230090762931434 0.0
0.0 58.0 10.224993743878485 0.0
0.0 59.0 10.220004592017961 0.0
0.0 60.0 10.214925184170221 0.0
0.0 61.0 10.209897012991838 0.0
0.0 62.0 10.204863030890477 0.0
0.0 63.0 10.199900797062394 0.0
0.0 64.0 10.194890024317534 0.0
0.0 65.0 10.18989394930235 0.0
0.0 66.0 10.184874130991187 0.0
0.0 67.0 10.179876767450308 0.0
0.0 68.0 10.174872892423807 0.0
0.0 69.0 10.16990648235036 0.0
0.0 70.0 10.164830279662722 0.0
0.0 71.0 10.159876895934136 0.0
0.0 72.0 10.154797618668548 0.0
0.0 73.0 10.149808024860569 0.0
0.0 74.0 10.144826050417093 0.0
0.0 75.0 10.139667405172482 0.0
0.0 76.0 10.134800882932138 0.0
0.0 77.0 10.129670025297166 0.0
0.0 78.0 10.124861521880192 0.0
0.0 79.0 10.119718889604894 0.0
0.0 80.0 10.114889331109707 0.0
0.0 81.0 10.109754661617893 0.0
0.0 82.0 10.10479800377392 0.0
0.0 83.0 10.099796983268424 0.0
0.0 84.0 10.094732911809478 0.0
0.0 85.0 10.089791064378264 0.0
0.0 86.0 10.084680144091237 0.0
0.0 87.0 10.079701073152481 0.0
0.0 88.0 10.074697534270733 0.0
0.0 89.0 10.069572229425953 0.0
0.0 90.0 10.06463269335219 0.0
0.0 91.0 10.059572676696751 0.0
0.0 92.0 10.05458110634019 0.0
0.0 93.0 10.049622170630764 0.0
0.0 94.0 10.044485668996872 0.0
0.0 95.0 10.039624277560922 0.0
0.0 96.0 10.03448843207712 0.0
0.0 97.0 10.02967844596766 0.0
0.0 98.0 10.024542183259461 0.0
0.0 99.0 10.019686420188703 0.0
0.0 100.0 10.014583443309041 0.0
0.0 101.0 10.00961023053251 0.0
0.0 102.0 10.004813276226542 0.0
0.0 103.0 10.005207308651261 0.0
0.0 104.0 10.010023915798138 0.0
0.0 105.0 10.015027604609534 0.0
0.0 106.0 10.020010843377198 0.0
0.0 107.0 10.025013723556974 0.0
0.0 108.0 10.030022630200817 0.0
0.0 109.0 10.035037066337498 0.0
0.0 110.0 10.040050959163949 0.0
0.0 111.0 10.045056809409452 0.0
0.0 112.0 10.050061190645556 0.0
0.0 113.0 10.055060095360366 0.0
0.0 114.0 10.06006376029015 0.0
0.0 115.0 10.06507111926987 0.0
0.0 116.0 10.07008336186143 0.0
0.0 117.0 10.075095259563756 0.0
0.0 118.0 10.080109203049224 0.0
0.0 119.0 10.085123676363157 0.0
0.0 120.0 10.09013700521834 0.0
0.0 121.0 10.09514698690229 0.0
0.0 122.0 10.100155395301536 0.0
0.0 123.0 10.105158322919657 0.0
0.0 124.0 10.1101562969553 0.0
0.0 125.0 10.115142184664371 0.0
0.0 126.0 10.120058437606048 0.0
0.0 127.0 10.125122590831472 0.0
0.0 128.0 10.130311502570498 0.0
0.0 129.0 10.135244019832392 0.0
0.0 130.0 10.140241281423407 0.0
0.0 131.0 10.145254433828207 0.0
0.0 132.0 10.150256730763738 0.0
0.0 133.0 10.15525814146646 0.0
0.0 134.0 10.160256867959514 0.0
0.0 135.0 10.165265833041637 0.0
0.0 136.0 10.170274799642401 0.0
0.0 137.0 10.175283769135723 0.0
0.0 138.0 10.180279577052055 0.0
0.0 139.0 10.185301294905356 0.0
0.0 140.0 10.190304423625088 0.0
0.0 141.0 10.195319092184926 0.0
0.0 142.0 10.200325338648936 0.0
0.0 143.0 10.205336954870441 0.0
0.0 144.0 10.210344250245896 0.0
0.0 145.0 10.215354877973352 0.0
0.0 146.0 10.220365420543358 0.0
0.0 147.0 10.225377336374365 0.0
0.0 148.0 10.230390408898248 0.0
0.0 149.0 10.235410307659787 0.0
0.0 150.0 10.240434290506183 0.0
0.0 151.0 10.245431527192592 0.0
0.0 152.0 10.250418553759879 0.0
0.0 153.0 10.255427548905756 0.0
0.0 154.0 10.260436546733569 0.0
0.0 155.0 10.265445543581517 0.0
0.0 156.0 10.270454542334205 0.0
0.0 157.0 10.275463540691794 0.0
0.0 158.0 10.280461433777765 0.0
0.0 159.0 10.285480930526688 0.0
0.0 160.0 10.29050598427882 0.0
0.0 161.0 10.295513622876602 0.0
0.0 162.0 10.30052200646347 0.0
0.0 163.0 10.305517547820603 0.0
0.0 164.0 10.310526551311472 0.0
0.0 165.0 10.31553555386782 0.0
0.0 166.0 10.320544557361364 0.0
0.0 167.0 10.325553562624023 0.0
0.0 168.0 10.33056256700208 0.0
0.0 169.0 10.335560641347291 0.0
0.0 170.0 10.340576474479613 0.0
0.0 171.0 10.345599148459982 0.0
0.0 172.0 10.350598589593913 0.0
0.0 173.0 10.355601505390196 0.0
0.0 174.0 10.3606108994509 0.0
0.0 175.0 10.365622621843546 0.0
0.0 176.0 10.370636335745223 0.0
0.0 177.0 10.375646240846248 0.0
0.0 178.0 10.38065217642942 0.0
0.0 179.0 10.385658608418346 0.0
0.0 180.0 10.390667930577422 0.0
0.0 181.0 10.395678831150084 0.0
0.0 182.0 10.400690556367037 0.0
0.0 183.0 10.405698807164473 0.0
0.0 184.0 10.410708374499746 0.0
0.0 185.0 10.415717589016722 0.0
0.0 186.0 10.420726904458018 0.0
0.0 187.0 10.425733921051364 0.0
0.0 188.0 10.430740429303508 0.0
0.0 189.0 10.435750243562048 0.0
0.0 190.0 10.440764663985684 0.0
0.0 191.0 10.445769759301848 0.0
0.0 192.0 10.450775096828282 0.0
0.0 193.0 10.455782134372123 0.0
0.0 194.0 10.460795976825127 0.0
0.0 195.0 10.465808060447694 0.0
0.0 196.0 10.47081742971791 0.0
0.0 197.0 10.475824040930945 0.0
0.0 198.0 10.48082978462329 0.0
0.0 199.0 10.485838717297412 0.0
0.0 200.0 10.49084203950457 0.0
0.0 201.0 10.495750528698858 0.0
0.0 202.0 10.504316062651219 0.0
0.0 203.0 10.509166583420612 0.0
0.0 204.0 10.514188386276679 0.0
0.0 205.0 10.519273809077706 0.0
0.0 206.0 10.524195184312884 0.0
0.0 207.0 10.529260532043436 0.0
0.0 208.0 10.534154897270435 0.0
0.0 209.0 10.539226253512457 0.0
0.0 210.0 10.544152115739848 0.0
0.0 211.0 10.549221035766223 0.0
0.0 212.0 10.55419347717233 0.0
0.0 213.0 10.559208610227046 0.0
0.0 214.0 10.56425287900462 0.0
0.0 215.0 10.569218311867376 0.0
0.0 216.0 10.574270529991955 0.0
0.0 217.0 10.579286966833441 0.0
0.0 218.0 10.584291552135356 0.0
0.0 219.0 10.589343343649983 0.0
0.0 220.0 10.594265453807129 0.0
0.0 221.0 10.599345913272648 0.0
0.0 222.0 10.604267168254946 0.0
0.0 223.0 10.609329815312762 0.0
0.0 224.0 10.61433089976543 0.0
0.0 225.0 10.61933274902501 0.0
0.0 226.0 10.62434042260387 0.0
0.0 227.0 10.629362049796285 0.0
0.0 228.0 10.634377138500492 0.0
0.0 229.0 10.639392559461939 0.0
0.0 230.0 10.644394977330359 0.0
0.0 231.0 10.64939847354759 0.0
0.0 232.0 10.654410320643613 0.0
0.0 233.0 10.659420071585526 0.0
0.0 234.0 10.664438133112554 0.0
0.0 235.0 10.669436553254622 0.0
0.0 236.0 10.674451326380575 0.0
0.0 237.0 10.679454138241368 0.0
0.0 238.0 10.684506288601137 0.0
0.0 239.0 10.689437077993162 0.0
0.0 240.0 10.694523648216686 0.0
0.0 241.0 10.699459907120584 0.0
0.0 242.0 10.704507355504907 0.0
0.0 243.0 10.709505613532656 0.0
0.0 244.0 10.71449938706886 0.0
0.0 245.0 10.71955560333009 0.0
0.0 246.0 10.72455683552176 0.0
0.0 247.0 10.729608673956683 0.0
0.0 248.0 10.734595250480018 0.0
0.0 249.0 10.739577328022637 0.0
0.0 250.0 10.7445596629895 0.0
0.0 251.0 10.74954477536977 0.0
0.0 252.0 10.754598331199588 0.0
0.0 253.0 10.759597306509404 0.0
0.0 254.0 10.764651367806552 0.0
0.0 255.0 10.769639912027834 0.0
0.0 256.0 10.774630022212552 0.0
0.0 257.0 10.779703611871815 0.0
0.0 258.0 10.784625173575268 0.0
0.0 259.0 10.78971042096914 0.0
0.0 260.0 10.794644275484838 0.0
0.0 261.0 10.799682554736718 0.0
0.0 262.0 10.804678895680182 0.0
0.0 263.0 10.809694507810747 0.0
0.0 264.0 10.814752548304831 0.0
0.0 265.0 10.819651996154743 0.0
0.0 266.0 10.824744637873433 0.0
0.0 267.0 10.829672631189045 0.0
0.0 268.0 10.83475902655622 0.0
0.0 269.0 10.839759879385872 0.0
0.0 270.0 10.844754795161645 0.0
0.0 271.0 10.849810547843767 0.0
0.0 272.0 10.854807369869096 0.0
0.0 273.0 10.859855897864671 0.0
0.0 274.0 10.864822306415732 0.0
0.0 275.0 10.869823051283474 0.0
0.0 276.0 10.874894809113112 0.0
0.0 277.0 10.87982040802696 0.0
0.0 278.0 10.884887338916245 0.0
0.0 279.0 10.889759354499438 0.0
0.0 280.0 10.894816075459246 0.0
0.0 281.0 10.899735355295535 0.0
0.0 282.0 10.904837353303122 0.0
0.0 283.0 10.90993471085957 0.0
0.0 284.0 10.914847063015388 0.0
0.0 285.0 10.919928815417265 0.0
0.0 286.0 10.924858956753454 0.0
0.0 287.0 10.929914669580905 0.0
0.0 288.0 10.934918026155055 0.0
0.0 289.0 10.939928861479343 0.0
0.0 290.0 10.944934086981267 0.0
0.0 291.0 10.949942678344403 0.0
0.0 292.0 10.954952514361919 0.0
0.0 293.0 10.959962533102232 0.0
0.0 294.0 10.964971441850093 0.0
0.0 295.0 10.969981872425212 0.0
0.0 296.0 10.974994976699113 0.0
0.0 297.0 10.980005228003959 0.0
0.0 298.0 10.98501151364158 0.0
0.0 299.0 10.990005618957076 0.0
0.0 300.0 10.99487787904454 0.0
0.0 301.0 10.995606392267012 0.0
0.0 302.0 10.990808332814126 0.0
0.0 303.0 10.985766857993092 0.0
0.0 304.0 10.98088112706089 0.0
0.0 305.0 10.975822740894811 0.0
0.0 306.0 10.970883699918447 0.0
0.0 307.0 10.965810421581155 0.0
0.0 308.0 10.960791432019644 0.0
0.0 309.0 10.955781113211149 0.0
0.0 310.0 10.950772430597219 0.0
0.0 311.0 10.945763884914825 0.0
0.0 312.0 10.940755304902474 0.0
0.0 313.0 10.935746660535422 0.0
0.0 314.0 10.930737962500185 0.0
0.0 315.0 10.925729221323817 0.0
0.0 316.0 10.920720445169378 0.0
0.0 317.0 10.915711640268757 0.0
0.0 318.0 10.91070281122552 0.0
0.0 319.0 10.905693962082402 0.0
0.0 320.0 10.900685096578966 0.0
0.0 321.0 10.895676216008116 0.0
0.0 322.0 10.890667322842415 0.0
0.0 323.0 10.88565841844155 0.0
0.0 324.0 10.880649504170437 0.0
0.0 325.0 10.87564058237893 0.0
0.0 326.0 10.870631653490056 0.0
0.0 327.0 10.865622717040123 0.0
0.0 328.0 10.86061377434415 0.0
0.0 329.0 10.85560482740967 0.0
0.0 330.0 10.850595875730448 0.0
0.0 331.0 10.845586918656492 0.0
0.0 332.0 10.840577958852748 0.0
0.0 333.0 10.835568995524216 0.0
0.0 334.0 10.830560027759045 0.0
0.0 335.0 10.825551058320578 0.0
0.0 336.0 10.820542086650715 0.0
0.0 337.0 10.815533111173032 0.0
0.0 338.0 10.810524133420804 0.0
0.0 339.0 10.80551515498208 0.0
0.0 340.0 10.800506173152613 0.0
0.0 341.0 10.795497189525046 0.0
0.0 342.0 10.790488205753366 0.0
0.0 343.0 10.78547921886674 0.0
0.0 344.0 10.780470230534162 0.0
0.0 345.0 10.775461241919125 0.0
0.0 346.0 10.770452250951363 0.0
0.0 347.0 10.765443259920344 0.0
0.0 348.0 10.76043426664131 0.0
0.0 349.0 10.75542527411218 0.0
0.0 350.0 10.75041627941536 0.0
0.0 351.0 10.745407283800477 0.0
0.0 352.0 10.740398287320676 0.0
0.0 353.0 10.735389290025083 0.0
0.0 354.0 10.730380291275461 0.0
0.0 355.0 10.725371291797709 0.0
0.0 356.0 10.72036229368194 0.0
0.0 357.0 10.715353292824863 0.0
0.0 358.0 10.710344291349012 0.0
0.0 359.0 10.705335291449645 0.0
0.0 360.0 10.70032628954997 0.0
0.0 361.0 10.695317287120002 0.0
0.0 362.0 10.690308283401587 0.0
0.0 363.0 10.685299279202736 0.0
0.0 364.0 10.680290276897576 0.0
0.0 365.0 10.675281272587986 0.0
0.0 366.0 10.670272267861602 0.0
0.0 367.0 10.665263262737136 0.0
0.0 368.0 10.660254256373173 0.0
0.0 369.0 10.65524524964535 0.0
0.0 370.0 10.650236245146258 0.0
0.0 371.0 10.645227237699073 0.0
0.0 372.0 10.640218229932342 0.0
0.0 373.0 10.63520922362726 0.0
0.0 374.0 10.630200215235108 0.0
0.0 375.0 10.62519120932561 0.0
0.0 376.0 10.62018220130187 0.0
0.0 377.0 10.615173193017698 0.0
0.0 378.0 10.610164183498899 0.0
0.0 379.0 10.605155172742501 0.0
0.0 380.0 10.60014616470699 0.0
0.0 381.0 10.595137156448251 0.0
0.0 382.0 10.590128145981016 0.0
0.0 383.0 10.585119137325062 0.0
0.0 384.0 10.580110126425724 0.0
0.0 385.0 10.575101117402243 0.0
0.0 386.0 10.57009210501467 0.0
0.0 387.0 10.56508309456623 0.0
0.0 388.0 10.560074085053257 0.0
0.0 389.0 10.555065076492305 0.0
0.0 390.0 10.550056064379506 0.0
0.0 391.0 10.54504705082796 0.0
0.0 392.0 10.540038039386278 0.0
0.0 393.0 10.535029024713849 0.0
0.0 394.0 10.530019994248608 0.0
0.0 395.0 10.525010995880118 0.0
0.0 396.0 10.520002337733771 0.0
0.0 397.0 10.514995466235519 0.0
0.0 398.0 10.509998303592175 0.0
0.0 399.0 10.50512188616944 0.0
300.01 0.0 0.0 0.0
300.01 0.0 0.0 0.0
300.01 0.0 0.0 0.0
300.01 0.0 0.0 0.0
300.01 0.0 0.0 0.0
300.01 0.0 0.0 0.0
300.01 0.0 0.0 0.0
300.01 0.0 0.0 0.0
300.01 0.0 0.0 0.0
300.01 0.0 0.0 0.0
300.01 0.0 0.0 0.0
300.01 0.0 0.0 0.0
300.01 0.0 0.0 0.0
300.01 0.0 0.0 0.0
300.01 0.0 0.0 0.0
300.01 0.0 0.0 0.0
300.01 0.0 0.0 0.0
300.01 0.0 0.0 0.0
300.01 0.0 0.0 0.0
300.01 0.0 0.0 0.0
300.01 0.0 0.0 0.0
300.01 0.0 0.0 0.0
300.01 0.0 0.0 0.0
300.01 0.0 0.0 0.0
300.01 0.0 0.0 0.0
300.01 0.0 0.0 0.0
300.01 0.0 0.0 0.0
300.01 0.0 0.0 0.0
300.01 0.0 0.0 0.0
300.01 0.0 0.0 0.0
300.01 0.0 0.0 0.0
300.01 0.0 0.0 0.0
300.01 0.0 0.0 0.0
300.01 0.0 0.0 0.0
300.01 0.0 0.0 0.0
300.01 0.0 0.0 0.0
300.01 0.0 0.0 0.0
300.01 0.0 0.0 0.0
300.01 0.0 0.0 0.0
300.01 0.0 0.0 0.0
300.01 0.0 0.0 0.0
300.01 0.0 0.0 0.0
300.01 0.0 0.0 0.0
300.01 0.0 0.0 0.0
300.01 0.0 0.0 0.0
300.01 0.0 0.0 0.0
300.01 0.0 0.0 0.0
300.01 0.0 0.0 0.0
300.01 0.0 0.0 0.0
300.01 0.0 0.0 0.0
300.01 0.0 0.0 0.0
300.01 0.0 0.0 0.0
300.01 0.0 0.0 0.0
300.01 0.0 0.0 0.0
300.01 0.0 0.0 0.0
300.01 0.0 0.0 0.0
300.01 0.0 0.0 0.0
300.01 0.0 0.0 0.0
300.01 0.0 0.0 0.0
300.01 0.0 0.0 0.0
300.01 0.0 0.0 0.0
300.01 0.0 0.0 0.0
300.01 0.0 0.0 0.0
300.01 0.0 0.0 0.0
300.01 0.0 0.0 0.0
300.01 0.0 0.0 0.0
300.01 0.0 0.0 0.0
300.01 0.0 0.0 0.0
300.01 0.0 0.0 0.0
300.01 0.0 0.0 0.0
300.01 0.0 0.0 0.0
300.01 0.0 0.0 0.0
300.01 0.0 0.0 0.0
300.01 0.0 0.0 0.0
300.01 0.0 0.0 0.0
300.01 0.0 0.0 0.0
300.01 0.0 0.0 0.0
300.01 0.0 0.0 0.0
300.01 0.0 0.0 0.0
300.01 0.0 0.0 0.0
300.01 0.0 0.0 0.0
300.01 0.0 0.0 0.0
300.01 0.0 0.0 0.0
300.01 0.0 0.0 0.0
300.01 0.0 0.0 0.0
300.01 0.0 0.0 0.0
300.01 0.0 0.0 0.0
300.01 0.0 0.0 0.0
300.01 0.0 0.0 0.0
300.01 0.0 0.0 0.0
300.01 0.0 0.0 0.0
300.01 0.0 0.0 0.0
300.01 0.0 0.0 0.0
300.01 0.0 0.0 0.0
300.01 0.0 0.0 0.0
300.01 0.0 0.0 0.0
300.01 0.0 0.0 0.0
300.01 0.0 0.0 0.0
300.01 0.0 0.0 0.0
300.01 0.0 0.0 0.0
300.01 0.0 0.0 0.0
300.01 0.0 0.0 0.0
300.01 0.0 0.0 0.0
300.01 0.0 0.0 0.0
300.01 0.0 0.0 0.0
300.01 0.0 0.0 0.0
300.01 0.0 0.0 0.0
300.01 0.0 0.0 0.0
300.01 0.0 0.0 0.0
300.01 0.0 0.0 0.0
300.01 0.0 0.0 0.0
300.01 0.0 0.0 0.0
300.01 0.0 0.0 0.0
300.01 0.0 0.0 0.0
300.01 0.0 0.0 0.0
300.01 0.0 0.0 0.0
300.01 0.0 0.0 0.0
300.01 0.0 0.0 0.0
300.01 0.0 0.0 0.0
300.01 0.0 0.0 0.0
300.01 0.0 0.0 0.0
300.01 0.0 0.0 0.0
300.01 0.0 0.0 0.0
300.01 0.0 0.0 0.0
300.01 0.0 0.0 0.0
300.01 0.0 0.0 0.0
300.01 0.0 0.0 0.0
300.01 0.0 0.0 0.0
300.01 0.0 0.0 0.0
300.01 0.0 0.0 0.0
300.01 0.0 0.0 0.0
300.01 0.0 0.0 0.0
300.01 0.0 0.0 0.0
300.01 0.0 0.0 0.0
300.01 0.0 0.0 0.0
300.01 0.0 0.0 0.0
300.01 0.0 0.0 0.0
300.01 0.0 0.0 0.0
300.01 0.0 0.0 0.0
300.01 0.0 0.0 0.0
300.01 0.0 0.0 0.0
300.01 0.0 0.0 0.0
300.01 0.0 0.0 0.0
300.01 0.0 0.0 0.0
300.01 0.0 0.0 0.0
300.01 0.0 0.0 0.0
300.01 0.0 0.0 0.0
300.01 0.0 0.0 0.0
300.01 0.0 0.0 0.0
300.01 0.0 0.0 0.0
300.01 0.0 0.0 0.0
300.01 0.0 0.0 0.0
300.01 0.0 0.0 0.0
300.01 0.0 0.0 0.0
300.01 0.0 0.0 0.0
300.01 0.0 0.0 0.0
300.01 0.0 0.0 0.0
300.01 0.0 0.0 0.0
300.01 0.0 0.0 0.0
300.01 0.0 0.0 0.0
300.01 0.0 0.0 0.0
300.01 0.0 0.0 0.0
300.01 0.0 0.0 0.0
300.01 0.0 0.0 0.0
300.01 0.0 0.0 0.0
300.01 0.0 0.0 0.0
300.01 0.0 0.0 0.0
300.01 0.0 0.0 0.0
300.01 0.0 0.0 0.0
300.01 0.0 0.0 0.0
300.01 0.0 0.0 0.0
300.01 0.0 0.0 0.0
300.01 0.0 0.0 0.0
300.01 0.0 0.0 0.0
300.01 0.0 0.0 0.0
300.01 0.0 0.0 0.0
300.01 0.0 0.0 0.0
300.01 0.0 0.0 0.0
300.01 0.0 0.0 0.0
300.01 0.0 0.0 0.0
300.01 0.0 0.0 0.0
300.01 0.0 0.0 0.0
300.01 0.0 0.0 0.0
300.01 0.0 0.0 0.0
300.01 0.0 0.0 0.0
300.01 0.0 0.0 0.0
300.01 0.0 0.0 0.0
300.01 0.0 0.0 0.0
300.01 0.0 0.0 0.0
300.01 0.0 0.0 0.0
300.01 0.0 0.0 0.0
300.01 0.0 0.0 0.0
300.01 0.0 0.0 0.0
300.01 0.0 0.0 0.0
300.01 0.0 0.0 0.0
300.01 0.0 0.0 0.0
300.01 0.0 0.0 0.0
300.01 0.0 0.0 0.0
300.01 0.0 0.0 0.0
300.01 0.0 0.0 0.0
300.01 0.0 0.0 0.0
300.01 0.0 0.0 0.0
300.01 0.0 0.0 0.0
300.01 0.0 0.0 0.0
300.01 0.0 0.0 0.0
300.01 0.0 0.0 0.0
300.01 0.0 0.0 0.0
300.01 0.0 0.0 0.0
300.01 0.0 0.0 0.0
300.01 0.0 0.0 0.0
300.01 0.0 0.0 0.0
300.01 0.0 0.0 0.0
300.01 0.0 0.0 0.0
300.01 0.0 0.0 0.0
300.01 0.0 0.0 0.0
300.01 0.0 0.0 0.0
300.01 0.0 0.0 0.0
300.01 0.0 0.0 0.0
300.01 0.0 0.0 0.0
300.01 0.0 0.0 0.0
300.01 0.0 0.0 0.0
300.01 0.0 0.0 0.0
300.01 0.0 0.0 0.0
300.01 0.0 0.0 0.0
300.01 0.0 0.0 0.0
300.01 0.0 0.0 0.0
300.01 0.0 0.0 0.0
300.01 0.0 0.0 0.0
300.01 0.0 0.0 0.0
300.01 0.0 0.0 0.0
300.01 0.0 0.0 0.0
300.01 0.0 0.0 0.0
300.01 0.0 0.0 0.0
300.01 0.0 0.0 0.0
300.01 0.0 0.0 0.0
300.01 0.0 0.0 0.0
300.01 0.0 0.0 0.0
300.01 0.0 0.0 0.0
300.01 0.0 0.0 0.0
300.01 0.0 0.0 0.0
300.01 0.0 0.0 0.0
300.01 0.0 0.0 0.0
300.01 0.0 0.0 0.0
300.01 0.0 0.0 0.0
300.01 0.0 0.0 0.0
300.01 0.0 0.0 0.0
300.01 0.0 0.0 0.0
300.01 0.0 0.0 0.0
300.01 0.0 0.0 0.0
300.01 0.0 0.0 0.0
300.01 0.0 0.0 0.0
300.01 0.0 0.0 0.0
300.01 0.0 0.0 0.0
300.01 0.0 0.0 0.0
300.01 0.0 0.0 0.0
300.01 0.0 0.0 0.0
300.01 0.0 0.0 0.0
300.01 0.0 0.0 0.0
300.01 0.0 0.0 0.0
300.01 0.0 0.0 0.0
300.01 0.0 0.0 0.0
300.01 0.0 0.0 0.0
300.01 0.0 0.0 0.0
300.01 0.0 0.0 0.0
300.01 0.0 0.0 0.0
300.01 0.0 0.0 0.0
300.01 0.0 0.0 0.0
300.01 0.0 0.0 0.0
300.01 0.0 0.0 0.0
300.01 0.0 0.0 0.0
300.01 0.0 0.0 0.0
300.01 0.0 0.0 0.0
300.01 0.0 0.0 0.0
300.01 0.0 0.0 0.0
300.01 0.0 0.0 0.0
300.01 0.0 0.0 0.0
300.01 0.0 0.0 0.0
300.01 0.0 0.0 0.0
300.01 0.0 0.0 0.0
300.01 0.0 0.0 0.0
300.01 0.0 0.0 0.0
300.01 0.0 0.0 0.0
300.01 0.0 0.0 0.0
300.01 0.0 0.0 0.0
300.01 0.0 0.0 0.0
300.01 0.0 0.0 0.0
300.01 0.0 0.0 0.0
300.01 0.0 0.0 0.0
300.01 0.0 0.0 0.0
300.01 0.0 0.0 0.0
300.01 0.0 0.0 0.0
300.01 0.0 0.0 0.0
300.01 0.0 0.0 0.0
300.01 0.0 0.0 0.0
300.01 0.0 0.0 0.0
300.01 0.0 0.0 0.0
300.01 0.0 0.0 0.0
300.01 0.0 0.0 0.0
300.01 0.0 0.0 0.0
300.01 0.0 0.0 0.0
300.01 0.0 0.0 0.0
300.01 0.0 0.0 0.0
300.01 0.0 0.0 0.0
300.01 0.0 0.0 0.0
300.01 0.0 0.0 0.0
300.01 0.0 0.0 0.0
300.01 0.0 0.0 0.0
300.01 0.0 0.0 0.0
300.01 0.0 0.0 0.0
300.01 0.0 0.0 0.0
300.01 0.0 0.0 0.0
300.01 0.0 0.0 0.0
300.01 0.0 0.0 0.0
300.01 0.0 0.0 0.0
300.01 0.0 0.0 0.0
300.01 0.0 0.0 0.0
300.01 0.0 0.0 0.0
300.01 0.0 0.0 0.0
300.01 0.0 0.0 0.0
300.01 0.0 0.0 0.0
300.01 0.0 0.0 0.0
300.01 0.0 0.0 0.0
300.01 0.0 0.0 0.0
300.01 0.0 0.0 0.0
300.01 0.0 0.0 0.0
300.01 0.0 0.0 0.0
300.01 0.0 0.0 0.0
300.01 0.0 0.0 0.0
300.01 0.0 0.0 0.0
300.01 0.0 0.0 0.0
300.01 0.0 0.0 0.0
300.01 0.0 0.0 0.0
300.01 0.0 0.0 0.0
300.01 0.0 0.0 0.0
300.01 0.0 0.0 0.0
300.01 0.0 0.0 0.0
300.01 0.0 0.0 0.0
300.01 0.0 0.0 0.0
300.01 0.0 0.0 0.0
300.01 0.0 0.0 0.0
300.01 0.0 0.0 0.0
300.01 0.0 0.0 0.0
300.01 0.0 0.0 0.0
300.01 0.0 0.0 0.0
300.01 0.0 0.0 0.0
300.01 0.0 0.0 0.0
300.01 0.0 0.0 0.0
300.01 0.0 0.0 0.0
300.01 0.0 0.0 0.0
300.01 0.0 0.0 0.0
300.01 0.0 0.0 0.0
300.01 0.0 0.0 0.0
300.01 0.0 0.0 0.0
300.01 0.0 0.0 0.0
300.01 0.0 0.0 0.0
300.01 0.0 0.0 0.0
300.01 0.0 0.0 0.0
300.01 0.0 0.0 0.0
300.01 0.0 0.0 0.0
300.01 0.0 0.0 0.0
300.01 0.0 0.0 0.0
300.01 0.0 0.0 0.0
300.01 0.0 0.0 0.0
300.01 0.0 0.0 0.0
300.01 0.0 0.0 0.0
300.01 0.0 0.0 0.0
300.01 0.0 0.0 0.0
300.01 0.0 0.0 0.0
300.01 0.0 0.0 0.0
300.01 0.0 0.0 0.0
300.01 0.0 0.0 0.0
300.01 0.0 0.0 0.0
300.01 0.0 0.0 0.0
300.01 0.0 0.0 0.0
300.01 0.0 0.0 0.0
300.01 0.0 0.0 0.0
300.01 0.0 0.0 0.0
300.01 0.0 0.0 0.0
300.01 0.0 0.0 0.0
300.01 0.0 0.0 0.0
300.01 0.0 0.0 0.0
300.01 0.0 0.0 0.0
300.01 0.0 0.0 0.0
300.01 0.0 0.0 0.0
300.01 0.0 0.0 0.0
300.01 0.0 0.0 0.0
300.01 0.0 0.0 0.0
300.01 0.0 0.0 0.0
300.01 0.0 0.0 0.0
300.01 0.0 0.0 0.0
300.01 0.0 0.0 0.0
300.01 0.0 0.0 0.0
300.01 0.0 0.0 0.0
300.01 0.0 0.0 0.0
300.01 0.0 0.0 0.0
300.01 0.0 0.0 0.0
300.01 0.0 0.0 0.0
300.01 0.0 0.0 0.0
300.01 0.0 0.0 0.0
300.01 0.0 0.0 0.0