7.49676
7.49676
7.49676
7.49652
7.49615
7.48714
7.33277
6.75777
6.21533
5.88657
5.69064
5.5927
5.55809
5.53249
5.5131
5.49824
5.48659
5.47739
5.46992
5.46383
5.4587
5.45439
5.45061
5.44738
5.44603
5.49729
6.08672
6.99166
5.95528
5.45493
5.41866
5.41251
5.40729
5.40233
5.39771
5.39331
5.38921
5.38528
5.38163
5.37813
5.37488
5.37176
5.36885
5.36607
5.36347
5.36098
5.35865
5.35641
5.35433
5.35232
5.35044
5.34863
5.34694
5.34531
5.34379
5.34231
5.3409
5.33954
5.3383
5.33718
5.33924
5.35804
5.37813
5.39849
5.41907
5.43978
5.46068
5.4817
5.50291
5.52425
5.54578
5.56744
5.58929
5.61127
5.63344
5.65574
5.67823
5.70085
5.72365
5.74658
5.76969
5.79293
5.81635
5.83989
5.8636
5.88744
5.91144
5.93557
5.95985
5.98426
6.0088
6.03348
6.05828
6.08321
6.10824
6.13341
6.15867
6.18404
6.20951
6.23508
6.26072
6.28646
6.31225
6.33812
6.36405
6.39002
6.41603
6.44207
6.46813
6.49419
6.52025
6.54629
6.57232
6.59823
6.62415
6.64997
6.6757
6.70131
6.7268
6.75213
6.7773
6.80227
6.82704
6.85157
6.87584
6.89983
6.92352
6.94689
6.9699
6.99253
7.01476
7.03657
7.05795
7.0788
7.09921
7.11908
7.13841
7.15719
7.17539
7.193
7.21
7.22638
7.24212
7.25723
7.27167
7.28546
7.29858
7.31102
7.32279
7.33388
7.34427
7.35397
7.36297
7.37128
7.37883
7.38568
7.39175
7.39702
7.40131
7.42716
7.52148
7.48234
7.46681
7.46403
7.46668
7.47047
7.47395
7.47677
7.47903
7.48092
7.48261
7.48422
7.48583
7.48742
7.48896
7.4904
7.49167
7.49275
7.49358
7.49397
7.49347
7.49016
7.48604
7.49676
13.1253
13.1253
13.1253
13.1256
13.1253
13.1248
13.2473
13.7762
14.2627
14.5189
14.5863
14.0154
13.9901
14.062
14.0662
14.0667
14.0639
14.0583
14.0503
14.0398
14.0269
14.0111
13.9919
13.9678
13.9352
13.8372
13.1702
-4.82178
13.3471
13.9215
13.9984
14.0335
14.0606
14.0831
14.1023
14.119
14.1338
14.1471
14.159
14.1699
14.1798
14.1889
14.1973
14.2051
14.2123
14.2191
14.2253
14.2312
14.2367
14.242
14.247
14.252
14.2567
14.2614
14.266
14.2711
14.2311
-3.77065
-3.11334
14.214
14.7147
14.9152
14.9639
14.9845
14.9928
14.9942
14.9912
14.985
14.9765
14.9662
14.9543
14.9413
14.9271
14.9121
14.8963
14.8798
14.8626
14.8449
14.8267
14.8079
14.7887
14.7691
14.7491
14.7287
14.708
14.6869
14.6655
14.6439
14.6219
14.5997
14.5772
14.5544
14.5315
14.5083
14.4849
14.4613
14.4375
14.4135
14.3893
14.365
14.3405
14.3159
14.2912
14.2663
14.2413
14.2162
14.1911
14.1658
14.1406
14.1152
14.0899
14.0645
14.0391
14.0137
13.9884
13.9631
13.9379
13.9127
13.8877
13.8628
13.838
13.8134
13.789
13.7648
13.7409
13.7172
13.6938
13.6707
13.648
13.6256
13.6036
13.582
13.5608
13.5402
13.52
13.5003
13.4811
13.4625
13.4444
13.4269
13.4101
13.3938
13.3782
13.3632
13.3489
13.3352
13.3221
13.3098
13.2981
13.2871
13.2768
13.2671
13.2582
13.2499
13.2424
13.2356
13.2296
13.2244
13.2202
13.1948
13.1007
13.1398
13.1552
13.1578
13.155
13.1511
13.1475
13.1446
13.1423
13.1403
13.1386
13.137
13.1354
13.1337
13.1322
13.1306
13.1292
13.1278
13.1264
13.1254
13.1253
13.1287
13.134
13.1253
0.00046304
0.00046304
0.000463007
0.000462706
0.000462804
0.000463537
0.000477021
0.000598291
0.0010077
0.00165897
0.00236068
0.00285106
0.00305301
0.00321333
0.00334113
0.0034434
0.00352576
0.00359282
0.003648
0.00369408
0.00373303
0.00376655
0.00379574
0.00382172
0.00384668
0.00392643
0.00541404
0.0201179
0.00499961
0.00404318
0.00406053
0.00410689
0.00415169
0.00419436
0.00423509
0.00427386
0.00431084
0.00434601
0.00437955
0.00441143
0.00444183
0.00447071
0.00449825
0.00452441
0.00454934
0.00457304
0.00459563
0.00461711
0.0046376
0.00465708
0.00467569
0.00469339
0.00471031
0.00472641
0.00474182
0.00475648
0.00477062
0.00478425
0.004797
0.00480832
0.00478789
0.00460177
0.00441173
0.00422772
0.0040507
0.00388072
0.00371763
0.00356116
0.00341113
0.00326728
0.00312945
0.0029974
0.00287097
0.00274993
0.00263414
0.00252338
0.00241751
0.00231633
0.0022197
0.00212742
0.00203938
0.00195538
0.0018753
0.00179896
0.00172625
0.00165699
0.00159109
0.00152838
0.00146876
0.00141207
0.00135822
0.00130709
0.00125853
0.00121248
0.00116878
0.00112738
0.00108813
0.00105098
0.00101579
0.000982509
0.000951018
0.000921259
0.000893127
0.000866564
0.000841484
0.000817816
0.000795492
0.000774445
0.000754611
0.000735928
0.000718337
0.000701784
0.000686239
0.00067155
0.000657816
0.000644892
0.000632755
0.000621364
0.000610678
0.000600657
0.000591264
0.000582464
0.000574223
0.000566509
0.00055929
0.000552539
0.000546228
0.000540331
0.000534822
0.000529679
0.000524879
0.000520402
0.000516248
0.000512322
0.000508718
0.000505344
0.000502204
0.000499284
0.000496569
0.000494047
0.000491705
0.000489532
0.000487517
0.00048565
0.000483922
0.000482324
0.000480849
0.000479488
0.000478236
0.000477086
0.000476033
0.000475071
0.000474196
0.000473421
0.000472686
0.000472071
0.000471519
0.000471089
0.000470822
0.000495111
0.000608136
0.000531549
0.000491967
0.000468829
0.000454253
0.000443762
0.000435444
0.00042844
0.000422354
0.000417011
0.000412334
0.000408283
0.000404826
0.000401927
0.000399536
0.000397591
0.000396021
0.000394749
0.000393729
0.000393067
0.000393027
0.000396015
0.000412965
0.00046304
0.000878274
0.000878274
0.000878274
0.000878229
0.000879624
0.00089779
0.000948288
0.000995966
0.001022
0.00102939
0.00102745
0.00101999
0.00101002
0.000999498
0.000988358
0.000976755
0.000964897
0.000952978
0.000941151
0.000929532
0.000918203
0.000907219
0.000896614
0.000886409
0.000876615
0.000867228
0.000858114
0.000848089
0.00085689
0.000863935
0.000870544
0.000876819
0.00088277
0.000888406
0.000893736
0.00089877
0.000903518
0.00090799
0.000912197
0.000916148
0.000919854
0.000923326
0.000926574
0.000929608
0.000932439
0.000935076
0.00093753
0.00093981
0.000941925
0.000943884
0.000945695
0.000947369
0.000948912
0.000950332
0.000951638
0.000952837
0.000953935
0.000954934
0.00095583
0.000956541
0.000956688
0.000955454
0.000953868
0.000952203
0.000950521
0.000948837
0.000947158
0.000945484
0.000943819
0.000942162
0.000940516
0.000938883
0.000937262
0.000935656
0.000934066
0.000932493
0.000930938
0.000929403
0.000927887
0.000926394
0.000924922
0.000923473
0.000922048
0.000920647
0.000919272
0.000917922
0.000916598
0.000915301
0.00091403
0.000912787
0.000911572
0.000910384
0.000909224
0.000908092
0.000906988
0.000905912
0.000904864
0.000903844
0.000902851
0.000901887
0.00090095
0.00090004
0.000899157
0.000898301
0.000897471
0.000896667
0.000895889
0.000895137
0.000894409
0.000893706
0.000893027
0.000892372
0.000891739
0.00089113
0.000890542
0.000889977
0.000889432
0.000888909
0.000888405
0.000887921
0.000887456
0.00088701
0.000886582
0.000886171
0.000885778
0.000885401
0.00088504
0.000884695
0.000884364
0.000884048
0.000883747
0.000883458
0.000883183
0.000882921
0.00088267
0.000882432
0.000882204
0.000881988
0.000881782
0.000881586
0.0008814
0.000881224
0.000881056
0.000880897
0.000880746
0.000880603
0.000880468
0.000880341
0.000880221
0.000880108
0.000880002
0.000879903
0.000879811
0.000879726
0.000879649
0.000879587
0.000879566
0.000879693
0.000880418
0.000883429
0.00088515
0.000885108
0.000884046
0.000882637
0.000881236
0.000879959
0.000878838
0.000877878
0.000877073
0.000876412
0.000875882
0.000875472
0.000875174
0.00087499
0.000874935
0.000875051
0.000875414
0.000876132
0.000877293
0.000878804
0.000880106
0.00088018
0.00087838
0.000878274
0.000511983
0.000511983
0.000511968
0.000512085
0.000508832
0.000466446
0.000347721
0.000227406
0.000135821
6.95972e-05
2.13147e-05
4.50108e-08
2.5915e-08
3.96862e-08
3.45251e-08
3.02309e-08
2.64735e-08
2.31016e-08
2.00246e-08
1.71871e-08
1.4552e-08
1.20915e-08
9.78354e-09
7.61126e-09
5.56565e-09
3.6199e-09
1.77122e-09
0
2.69253e-09
5.32196e-09
7.74241e-09
1.01041e-08
1.23654e-08
1.4536e-08
1.66203e-08
1.86223e-08
2.05456e-08
2.2393e-08
2.41674e-08
2.58712e-08
2.75067e-08
2.90764e-08
3.05823e-08
3.2027e-08
3.34129e-08
3.47433e-08
3.60225e-08
3.72566e-08
3.84556e-08
3.96333e-08
4.08063e-08
4.19897e-08
4.31916e-08
4.44209e-08
4.57204e-08
4.72758e-08
3.22697e-08
0
0
2.66355e-08
2.73309e-06
2.0589e-05
3.88226e-05
5.65972e-05
7.38442e-05
9.05527e-05
0.000106733
0.000122399
0.000137565
0.000152243
0.000166445
0.000180183
0.000193469
0.000206314
0.000218729
0.000230725
0.000242311
0.000253499
0.000264298
0.000274719
0.000284772
0.000294466
0.000303811
0.000312816
0.000321491
0.000329845
0.000337888
0.000345628
0.000353073
0.000360234
0.000367118
0.000373733
0.000380088
0.000386191
0.00039205
0.000397673
0.000403067
0.00040824
0.000413199
0.000417951
0.000422503
0.000426863
0.000431036
0.00043503
0.00043885
0.000442503
0.000445995
0.000449332
0.00045252
0.000455564
0.000458469
0.000461242
0.000463886
0.000466408
0.000468811
0.000471101
0.000473282
0.000475359
0.000477336
0.000479217
0.000481006
0.000482707
0.000484324
0.00048586
0.000487319
0.000488704
0.000490019
0.000491267
0.00049245
0.000493572
0.000494635
0.000495642
0.000496595
0.000497498
0.000498353
0.000499161
0.000499925
0.000500647
0.00050133
0.000501974
0.000502582
0.000503156
0.000503696
0.000504206
0.000504685
0.000505136
0.00050556
0.000505957
0.000506329
0.000506677
0.000507002
0.000507304
0.000507584
0.000507842
0.00050808
0.0005083
0.000508519
0.000508797
0.000509393
0.000511298
0.000512533
0.000512306
0.000511633
0.000510825
0.000510079
0.000509459
0.000508967
0.00050859
0.000508307
0.000508101
0.000507952
0.000507844
0.000507753
0.00050764
0.000507437
0.000507022
0.000506196
0.000504693
0.000502297
0.00049921
0.000496735
0.000497235
0.000502468
0.000511979
