/*--------------------------------*- C++ -*----------------------------------*\
  =========                 |
  \\      /  F ield         | OpenFOAM: The Open Source CFD Toolbox
   \\    /   O peration     | Website:  https://openfoam.org
    \\  /    A nd           | Version:  6
     \\/     M anipulation  |
\*---------------------------------------------------------------------------*/
FoamFile
{
    version     2.0;
    format      ascii;
    class       volScalarField;
    location    "4320000";
    object      Cw;
}
// * * * * * * * * * * * * * * * * * * * * * * * * * * * * * * * * * * * * * //

dimensions      [1 -3 0 0 0 0 0];

internalField   nonuniform List<scalar> 
11830
(
0
5.26766e-100
0
2.64439e-08
1.07458e-133
7.36542e-133
2.35761e-130
1.37632e-128
3.67606e-128
1.96088e-125
0
0
3.97883e-123
0
0
1.27682e-119
1.18444e-116
2.92385e-116
2.83534e-114
1.83643e-114
7.45074e-116
4.04267e-113
1.07842e-113
0
0
3.20124e-106
3.26491e-105
5.68945e-106
0
0
2.49386e-102
2.28225e-100
5.01456e-100
0
9.74548e-100
0
1.54399e-97
0
0
0
0
9.48226e-93
3.36803e-92
0
2.16074e-92
0
2.36574e-89
2.34724e-89
0
0
1.20758e-87
8.10515e-88
0
0
4.08903e-87
1.73675e-87
1.05607e-88
9.95439e-89
1.60742e-86
8.07245e-87
7.41369e-90
0
4.88277e-87
1.69843e-86
7.65162e-87
1.33081e-87
0
0
5.25589e-87
9.55845e-87
3.37558e-87
6.56341e-88
1.1955e-87
0
0
0
0
2.23712e-82
3.09362e-82
3.33302e-82
1.62398e-82
7.42559e-83
2.62904e-83
8.85305e-84
2.57395e-84
7.65477e-85
1.73043e-85
3.53561e-86
8.98073e-87
1.58928e-87
4.03402e-88
4.92858e-89
6.12025e-90
9.74491e-91
1.59039e-91
3.144e-92
2.74756e-93
5.23578e-94
3.98885e-95
6.26201e-96
6.09506e-97
6.12228e-98
6.87301e-99
2.18668e-99
5.56142e-99
2.41434e-98
8.97853e-98
3.31415e-97
1.17213e-96
4.02404e-96
1.34151e-95
4.26636e-95
1.3004e-94
3.70144e-94
9.95356e-94
2.57777e-93
6.31871e-93
1.46028e-92
3.13808e-92
6.45796e-92
1.22577e-91
2.10614e-91
3.20189e-91
4.15359e-91
4.32929e-91
3.23026e-91
2.34055e-91
2.92795e-91
0
0
0
0
0
0
0
7.58148e-101
5.05255e-100
9.22869e-100
9.44093e-100
4.2337e-100
0
0
0
0
0
0
0
1.87853e-109
1.88873e-108
3.41642e-108
1.57454e-108
0
0
0
0
5.26804e-112
1.53744e-111
6.22322e-112
0
0
0
0
0
6.47233e-116
9.5996e-116
0
0
0
2.32615e-119
3.98531e-118
4.54624e-118
0
0
1.35252e-120
4.96175e-120
1.25195e-120
0
2.01815e-124
0
5.03966e-124
5.1527e-124
0
0
0
0
7.65044e-128
3.8387e-128
0
0
0
1.52652e-131
1.96072e-131
1.44244e-133
0
5.72012e-137
0
5.90297e-137
1.36967e-136
7.5605e-137
1.27748e-138
0
0
4.16358e-141
0
1.89481e-137
2.22865e-136
5.79622e-136
3.40916e-135
0
0
1.48191e-129
1.82557e-127
7.86006e-126
1.20749e-125
0
4.63857e-122
2.74011e-118
1.44308e-116
1.24921e-115
2.06593e-114
5.37752e-114
0
2.07233e-109
3.35718e-106
1.95787e-104
1.27374e-102
4.15485e-101
6.56493e-100
5.68594e-99
1.67502e-97
5.10143e-97
0
0
0
5.66537e-91
3.43243e-89
1.56597e-87
0
6.42972e-82
5.42438e-81
4.42168e-79
1.44135e-76
2.39008e-75
2.57606e-74
5.56143e-74
0
0
7.28077e-69
0
0
2.34366e-64
3.15029e-62
3.13514e-61
7.34457e-60
1.24496e-58
1.55436e-56
0
1.52137e-51
0
0
0
0
2.13026e-43
1.63362e-42
7.49894e-42
1.55648e-41
2.41355e-39
0
0
0
1.87834e-32
3.3641e-31
1.03334e-30
3.71269e-30
5.34574e-30
0
4.27296e-28
0
0
0
2.5463e-19
2.1154e-18
8.75399e-18
8.66129e-17
6.78483e-17
0
1.64359e-14
1.58323e-13
9.35987e-11
0
1.16746e-08
8.34185e-08
2.65412e-07
4.58178e-07
5.74933e-07
7.36401e-07
9.64336e-07
6.39422e-07
3.2355e-07
1.52158e-07
5.82696e-08
7.32054e-08
2.45775e-07
2.55029e-07
5.92709e-07
2.22809e-07
1.91097e-07
4.89625e-08
3.80764e-10
0
0
0
0
1.7531e-18
2.51955e-19
0
3.57443e-22
0
3.05294e-23
5.44345e-23
3.26176e-23
8.85788e-24
6.63873e-25
0
1.02036e-27
6.74682e-30
1.16533e-32
1.11661e-31
6.14099e-34
0
0
0
1.3703e-36
0
0
0
4.99278e-42
1.38524e-43
3.03394e-44
5.3745e-48
3.0002e-50
0
0
7.60635e-53
4.15769e-53
1.31562e-53
2.34897e-54
2.8559e-55
1.59535e-56
1.64276e-58
0
0
0
0
3.76725e-66
6.11842e-68
1.24226e-68
3.72057e-70
0
7.19226e-74
1.08594e-74
0
3.65584e-78
8.5208e-80
4.10232e-82
5.25059e-85
2.149e-86
6.29065e-90
4.41032e-91
4.33534e-92
4.84698e-93
0
5.2001e-97
8.43226e-99
6.97303e-100
7.70877e-101
1.1702e-101
2.84269e-102
1.75758e-103
7.23993e-105
1.03022e-106
0
0
0
0
0
3.19252e-115
3.1129e-117
2.03557e-119
4.19032e-121
2.85998e-122
1.12093e-124
2.25838e-127
2.14187e-127
1.47807e-128
3.13891e-130
6.62262e-132
8.95859e-134
3.78299e-135
0
0
2.22359e-85
0
0
0
0
0
5.5827e-74
7.04541e-85
0
0
4.39949e-46
3.41853e-99
0
4.68606e-96
0
1.50917e-116
0
1.76901e-86
2.48881e-88
1.341e-98
0
0
1.12251e-100
2.07704e-80
0
1.26781e-97
0
0
1.49213e-89
6.59123e-23
0
3.73517e-107
3.71335e-17
9.34785e-83
0
6.14195e-91
1.20719e-116
0
1.43512e-113
0
0
2.86477e-113
7.52751e-86
3.43637e-125
0
6.19961e-93
0
0
4.53466e-85
0
6.25391e-110
0
6.86386e-55
0
4.14624e-89
3.43895e-81
5.66935e-07
3.21109e-130
0
5.29129e-115
2.24537e-85
4.09834e-91
1.24694e-42
8.07826e-108
0
3.89296e-98
0
0
1.83325e-92
1.48546e-06
2.66853e-126
0
4.79968e-95
5.38772e-07
3.36138e-124
0
0
3.17556e-89
4.92084e-102
0
0
3.27127e-81
2.30213e-119
1.20778e-122
0
7.43142e-103
0
1.81914e-30
5.55422e-95
0
2.4714e-104
4.69818e-136
4.29118e-07
2.43568e-95
2.48651e-131
5.72477e-136
9.28668e-97
4.59522e-07
9.87299e-129
4.48741e-92
0
0
0
5.19082e-86
4.12342e-68
1.71068e-63
8.44129e-107
0
1.33648e-55
0
0
0
3.90136e-112
0
0
0
0
5.24868e-14
0
0
0
1.3e-06
0
0
3.41694e-08
0
1.12705e-90
0
0
6.09735e-94
1.66555e-87
0
2.00727e-109
0
3.62855e-86
0
1.69077e-84
5.78626e-42
0
4.03891e-85
2.40927e-114
0
0
1.63243e-23
2.43595e-110
2.42634e-94
7.79267e-88
0
0
0
0
0
0
9.67163e-31
0
3.86564e-97
0
3.50634e-114
2.71111e-90
4.13675e-98
0
1.01241e-75
0
0
8.6407e-08
2.5839e-97
3.86371e-133
0
1.31619e-58
4.577e-56
8.58557e-58
2.39951e-55
4.82685e-55
0
2.06472e-51
0
0
0
0
1.72111e-44
4.1408e-43
1.20544e-44
2.62309e-43
1.16727e-42
0
0
0
6.92169e-39
0
0
0
0
0
0
7.57809e-30
7.80905e-28
1.08329e-27
5.96472e-29
1.0014e-27
9.8651e-29
6.42716e-28
1.00188e-28
2.85184e-28
6.57974e-29
7.91934e-29
2.82925e-29
1.01302e-29
7.45876e-30
0
1.36584e-30
0
4.87843e-32
0
0
0
0
2.43056e-29
1.28977e-27
6.96445e-28
3.67053e-29
2.48473e-28
2.24797e-29
6.96318e-29
2.5633e-28
3.76392e-29
1.5142e-29
4.07507e-30
0
0
0
0
2.51025e-27
2.69321e-27
4.18983e-26
1.58171e-26
1.52692e-27
4.78727e-27
6.24669e-28
1.15525e-27
4.20141e-27
5.54267e-28
2.22638e-28
1.40661e-29
9.63033e-30
3.8801e-29
1.01208e-31
4.46237e-29
0
0
0
0
0
0
5.36961e-22
8.23135e-21
0
6.27033e-21
1.05448e-19
3.5748e-20
2.8284e-21
1.05626e-20
1.00434e-21
2.80294e-21
2.16602e-20
4.8713e-21
6.8055e-22
1.0272e-21
6.1376e-21
1.16611e-21
2.04418e-22
2.11794e-22
1.06314e-21
1.78146e-22
7.80468e-22
3.68432e-23
2.85565e-23
6.13707e-24
4.3922e-24
9.76856e-25
6.49648e-25
1.49171e-25
9.25915e-26
2.19058e-26
1.27385e-26
3.0997e-27
1.27319e-27
1.69429e-27
4.234e-28
2.18156e-28
7.84683e-28
5.59167e-29
9.75405e-29
1.3234e-29
2.07203e-29
2.89424e-30
9.56943e-29
3.09633e-28
4.05503e-30
3.58928e-29
1.04349e-28
5.84749e-31
7.28992e-31
1.15297e-29
3.00227e-29
1.09012e-31
1.20865e-31
3.16858e-30
7.34998e-30
1.8685e-32
7.42029e-31
1.52034e-30
1.85572e-32
2.96825e-33
1.46937e-31
2.62463e-31
2.61101e-33
4.35996e-34
2.42804e-32
3.70344e-32
3.33828e-34
3.27429e-33
4.11699e-33
5.86441e-35
3.83009e-35
3.46302e-34
3.34802e-34
7.15559e-36
2.6506e-35
1.6634e-35
3.86861e-36
7.81213e-37
1.19539e-36
2.22651e-37
4.07534e-36
0
0
0
0
0
0
0
0
0
0
3.89575e-49
0
1.68634e-46
1.60969e-45
5.60251e-46
6.04112e-45
8.93406e-46
1.03586e-44
7.58529e-46
9.42616e-45
2.4712e-46
3.51363e-45
0
3.32999e-37
0
7.46741e-38
1.46533e-37
0
0
0
1.52239e-38
2.57938e-38
2.2947e-38
0
0
2.87079e-39
4.29318e-39
5.06603e-40
6.79538e-40
0
0
8.43617e-41
1.02797e-40
0
0
1.33413e-41
1.49085e-41
2.01371e-42
2.08407e-42
0
8.24178e-61
1.59088e-42
2.9123e-43
2.81181e-43
4.05267e-44
3.6603e-44
7.8996e-62
2.7356e-61
3.33353e-60
3.51323e-61
4.62502e-60
1.61446e-61
5.44499e-45
4.59508e-45
2.5937e-62
2.35314e-60
7.0668e-46
5.57983e-46
0
8.84551e-47
6.56579e-47
0
1.07031e-47
7.49827e-48
0
1.3121e-47
1.25468e-48
8.3218e-49
1.00544e-38
0
1.42726e-49
8.98577e-50
4.83532e-49
4.97794e-50
2.47988e-49
2.44239e-50
1.12869e-49
1.06637e-50
4.5768e-50
4.15743e-51
1.65803e-50
9.85471e-52
1.45082e-51
5.37598e-51
7.15586e-38
1.80141e-39
0
0
0
0
0
0
1.19143e-47
1.91328e-50
3.05017e-50
9.34041e-49
1.23844e-47
2.44719e-48
1.50312e-47
1.38209e-48
6.04622e-48
2.58233e-49
5.40543e-49
0
0
8.0219e-50
0
0
3.20572e-52
7.91114e-52
1.17966e-52
7.04311e-52
4.53881e-52
1.56162e-51
0
7.16711e-53
4.19802e-52
7.45897e-54
2.50628e-53
3.8711e-53
0
1.27384e-52
4.06443e-52
4.79192e-44
6.00672e-66
1.05422e-66
0
0
7.12304e-66
6.1446e-67
3.20701e-53
9.47126e-53
0
2.04184e-56
1.86942e-66
6.96408e-33
7.06621e-67
5.41922e-68
1.31513e-56
1.27223e-55
7.23577e-54
1.9727e-53
2.48504e-54
1.07053e-68
6.34893e-70
1.31788e-56
5.05431e-56
2.20749e-57
1.72134e-57
2.69992e-58
1.09983e-55
0
0
0
0
0
0
0
1.63364e-60
1.69116e-59
9.86698e-59
7.84054e-59
4.26299e-60
4.89568e-60
2.30065e-58
0
0
0
0
0
0
5.43166e-55
1.89168e-55
0
8.12322e-66
0
0
7.53375e-67
4.00761e-56
1.41509e-56
0
0
0
0
0
0
0
2.90719e-57
1.04058e-57
2.17693e-80
1.47651e-81
0
9.80514e-83
0
9.12955e-83
0
0
1.40085e-51
2.07406e-58
7.52398e-59
6.41562e-84
0
0
6.2934e-43
0
7.97544e-42
0
9.74034e-41
6.4e-42
1.14383e-39
1.47789e-40
1.29281e-38
2.43027e-39
1.40651e-37
3.43112e-38
1.4724e-36
4.40195e-37
1.48296e-35
5.25827e-36
1.43563e-34
5.92068e-35
1.33281e-33
6.32826e-34
1.18812e-32
6.42528e-33
1.01135e-31
6.18074e-32
8.21711e-31
5.62965e-31
6.36926e-30
4.86226e-30
4.70996e-29
1.11675e-31
3.98369e-29
3.31766e-28
3.09102e-28
2.21457e-27
2.25947e-27
1.37458e-26
1.54839e-26
7.63694e-26
9.95393e-26
3.89742e-25
5.90612e-25
1.82063e-24
4.48457e-25
9.50719e-25
0
0
0
0
0
0
0
0
0
0
0
0
8.72923e-27
0
0
0
0
0
0
1.82818e-07
2.16223e-06
1.32928e-05
6.66543e-05
1.57302e-05
0.000305154
0.00051174
0.00196097
0.00127375
0.0068871
0.00483141
0.0220538
0.0165901
0.0640512
0.0021274
0.051412
0.168485
0.143188
0.399826
0.367364
0.767422
0.853495
1.44337
1.02848
1.63745
2.45042
3.02743e-29
2.82185
3.77197
8.94717e-69
1.00075e-69
9.51988e-71
4.74645e-71
4.36482
4.17373e-85
1.2865e-87
1.45562e-59
3.70696e-59
5.35093e-60
1.05615e-71
5.286
6.08218
4.00862e-71
0
2.84712e-35
1.76764e-44
0.0285215
2.52644e-60
5.91803e-60
2.72152e-86
3.00042e-88
2.61895e-52
5.01689e-53
0
0
6.71793
7.67587
6.17205
3.41068e-49
1.8208e-42
3.91792e-61
8.39252e-61
1.79538e-87
1.13183e-88
7.80313
6.7557e-52
1.18472e-52
1.28126e-33
8.84321
3.20754e-76
3.77116e-79
8.93879
5.04641
5.3972e-62
1.04886e-61
1.21331e-88
9.93345e-89
1.35691e-89
1.61842e-51
2.58292e-52
1.57767e-50
4.83002
0
1.85126e-37
0
0
9.33722
9.41876
5.39835e-78
3.06268e-80
9.15258e-80
1.85802e-81
3.58075e-51
5.16115e-52
2.03573e-80
6.55009e-63
1.14191e-62
3.41875e-63
6.65735e-90
0
1.29459e-47
7.31184e-32
3.40653e-80
5.71199e-82
9.26518
9.40607
0
7.26497e-51
9.36068e-52
6.91886e-64
1.06415e-63
0
0
0
0
1.33908e-50
1.52046e-51
8.23487
8.49324
7.88807
7.10547
0
0
6.24456e-65
8.24976e-65
2.2137e-50
2.16887e-51
1.88294e-49
1.10804e-31
3.82143e-30
0
6.6063
5.44833
2.87667e-83
5.0941e-84
5.48793
0
3.0524e-96
0
4.67176e-66
5.05283e-66
3.2216e-50
2.63352e-51
1.53571e-29
0
1.56404e-32
4.97399
0
0
0
0
0
0
0
0
3.67002e-81
1.99662e-82
9.52329e-81
5.73396e-82
6.98051e-81
4.47249e-82
8.31932e-82
7.5636e-83
0
0
0
0
0
0
5.96163e-78
3.2178e-79
1.31512e-77
7.74261e-79
1.10099e-77
6.87601e-79
3.98285e-78
2.68057e-79
0
0
1.75748e-80
0
0
2.80987e-83
1.12793e-81
1.0537e-83
0
7.09426e-83
2.13077e-84
0
4.38692e-84
2.43493e-85
0
0
0
0
0
0
2.29966e-28
2.56411e-59
1.84787e-60
8.23238e-60
6.01234e-61
2.49611e-60
1.84761e-61
7.16217e-61
5.37389e-62
1.94822e-61
1.48205e-62
5.03158e-62
3.88162e-63
1.23542e-62
9.66769e-64
2.88708e-63
2.29243e-64
6.42768e-64
5.18044e-65
7.43134e-65
1.36443e-64
1.11661e-65
2.7634e-65
2.29728e-66
5.34274e-66
6.1977e-65
4.51389e-67
1.87339e-67
1.12488e-65
1.25581e-64
3.73939e-68
1.49924e-68
2.13645e-65
2.28983e-64
3.64358e-65
3.73798e-64
3.03889e-69
1.17794e-69
2.4237e-70
9.08964e-71
5.54632e-65
5.4257e-64
1.89787e-71
6.89126e-72
7.4733e-65
6.93332e-64
3.90285
2.53053
1.79899e-84
2.77931e-83
0
2.89811e-85
0
8.79388e-65
7.6834e-64
3.05936
6.76007e-87
7.82765e-66
1.45965e-72
5.13487e-73
2.28796e-72
1.65366e-73
6.95431e-73
3.76165e-74
4.00827e-50
2.57386e-51
1.60416e-52
0
2.74029e-67
2.18666e-67
2.60564e-67
0
0
4.88065e-74
1.93681e-73
0
3.79267e-72
2.8725
8.96141e-65
7.35874e-64
0
0
5.32808e-84
4.04932e-50
1.79176e-51
0
0
1.61364
0.746981
1.36882
0
7.80614e-65
5.93247e-64
0
0
1.11324e-68
4.70369e-69
1.03243e-67
0
0
0
0
0
0
0
0
1.32111e-74
4.94479e-74
2.97885e-50
6.24707e-49
5.97456e-52
0
1.85608e-49
0
0
0.411936
0.10977
5.5981e-65
3.85022e-64
4.30817e-63
2.49244e-63
1.85563e-64
1.00603e-63
1.50166e-62
4.80359e-63
8.27961e-62
1.90128e-62
4.85873e-64
1.2617e-64
5.4035e-62
0
5.46479e-62
0
0
0
0
1.04609e-66
0
2.9695e-67
1.45879e-64
0
7.94988e-66
1.36192e-68
3.26506e-68
1.69192e-66
3.14468e-67
2.68751e-65
3.52135e-66
2.22852e-65
2.50592e-64
9.12334e-65
2.99829e-66
0
0
0
1.55201e-63
2.17567e-68
4.43305e-67
4.78844e-68
2.37092e-67
3.58433e-66
5.74818e-67
2.7592e-69
0
1.66298e-65
9.25764e-69
0
5.84939e-70
5.28625e-69
1.35589
0
4.94781e-70
3.68911e-69
1.14534e-50
0
0
7.72256e-66
0.485572
0
0
0
3.2809e-75
1.1574e-74
0
2.43412e-70
5.12191e-70
1.55726e-68
5.77112e-70
4.73518e-68
1.75112e-70
0
0
1.37633e-67
0
0
1.60698e-92
1.36628e-94
0
0
0
0
0
1.12345e-71
2.43711e-72
1.08048e-76
0
0
3.74087e-63
0.0455562
6.73512e-05
0.205478
7.17875e-87
9.08573e-87
0
0
7.31743e-73
1.47565e-71
6.1742e-71
0
0
0.510745
0
0
4.43661e-95
2.77993e-96
4.30658e-95
2.12394e-99
1.71048e-96
0
0
0
0
0
0
1.75098e-100
1.44557e-99
1.52941e-100
1.45632e-99
5.52414e-102
1.30356e-101
1.82045e-100
1.00203e-98
2.89607e-99
6.41541e-98
0
3.0294e-98
4.54616e-97
2.83889e-97
3.6694e-96
2.82038e-96
3.25075e-95
1.17669
0
0
7.47547e-76
2.48294e-75
2.14433e-76
0
0
1.5502e-61
0.13008
0.0954071
0
0
8.35577e-61
7.25047e-60
1.5325e-60
1.50422e-59
8.56386e-61
9.67936e-60
0
0
0
0
0
0
0
0
0
0
0
0
0
0
0
0
0
0
0
0
3.30536e-55
0
2.2428e-53
0
3.63918e-52
2.9952e-54
0
4.02407e-51
1.46074e-50
8.06494e-50
3.6088e-50
3.90716e-49
0
0
2.22097e-49
5.14974e-49
1.70152e-48
2.55505e-49
6.54628e-48
5.00168e-49
1.98821e-47
0
0
0
0
3.75414e-47
0
0
0
0.477661
0.915009
0
0
0
0
0
1.19129e-72
5.46897e-72
1.12034e-70
7.23058e-72
3.92329e-70
0
0
0
0
9.12996e-75
0
9.18261e-74
6.87938e-75
2.08244e-74
4.83886e-73
2.00922e-74
0
0
0
0
0
8.26838e-80
0
0
2.95816e-95
2.6393e-94
0
0
2.77113e-37
2.1389e-36
7.92234e-36
3.30423e-35
1.31558e-35
1.19214e-34
9.2393e-35
2.39325e-34
3.84277e-34
4.23711e-34
0
1.32804e-35
2.52888e-34
0
0
0
0
0
0
0
0
0
0
0
0
2.71531e-21
0
6.3432e-20
0
1.57483e-84
8.57769e-81
1.34473e-62
4.9167e-101
0
0
0
0
0
0
0
1.67345e-10
0
0
2.61076e-12
0
8.39304e-14
0
0
5.52856e-20
7.66943e-17
1.41258e-16
2.43042e-16
1.36236e-16
2.50596e-16
7.46373e-17
1.39279e-16
1.67442e-17
3.25178e-17
2.59499e-16
4.91121e-17
5.0611e-16
1.34678e-16
6.41618e-16
6.50479e-20
1.87149e-16
6.70691e-16
2.40459e-16
0
0
3.8044e-15
2.16311e-16
4.24755e-15
6.51774e-16
2.34229e-15
6.78738e-16
9.91903e-16
4.25511e-16
2.05455e-16
1.60909e-16
5.45066e-17
5.22322e-17
1.78172e-18
0
2.44526e-15
1.78561e-16
9.72165e-16
5.05025e-18
1.78693e-16
0
0
0
6.19715e-100
0
0
0
0
0
8.89531e-17
0
0
0
0
0
0
2.25869e-09
2.38427e-09
4.20409e-11
1.51845e-09
1.50906e-08
6.27654e-09
7.62369e-10
2.32969e-09
1.33213e-08
4.14669e-09
7.8392e-10
1.19665e-09
5.07037e-09
1.30649e-09
3.2238e-10
3.18789e-10
1.10201e-09
2.44618e-10
7.3694e-11
5.13396e-11
1.42545e-10
2.74318e-11
1.02196e-11
5.02859e-12
1.13588e-11
1.93098e-12
8.80176e-13
3.14414e-13
1.47427e-13
4.91263e-14
2.21312e-47
2.69412e-94
1.34508e-93
0.0107259
0.000754179
3.45002e-100
6.39497e-82
1.92444e-81
0.387075
0.647919
1.56212e-76
4.8786e-76
7.84409e-75
1.44644e-75
2.35249e-74
4.062e-75
6.68268e-74
1.07761e-74
0
0
0
3.10283e-102
2.48615e-102
3.41284e-74
0
2.86663e-19
3.63694e-12
2.67489e-17
3.97296e-18
6.91418e-81
3.58947e-20
0
0
1.7934e-73
2.69213e-74
2.36774e-14
7.37819e-15
0
7.0435e-17
1.60895e-100
1.12119e-82
1.64652e-82
0
0
6.1013e-72
1.83978e-69
1.80563e-70
1.52086e-70
1.24761e-71
0
0
0
0
0
0
0
0
1.03945e-76
1.94121e-93
0
0
0
1.336e-83
0
1.53642e-81
0
7.93185e-80
0
3.00045e-78
1.07814e-79
7.46691e-77
7.42306e-77
4.44394e-76
1.07994e-75
1.02774e-76
2.95568e-75
2.76189e-75
1.01419e-74
3.89873e-73
2.30167e-72
0
1.05516e-70
0
0
0
0
0
0
2.83362e-61
9.60116e-62
4.84839e-60
2.46877e-60
4.79544e-60
7.0517e-60
1.72409e-61
0
0
2.05019e-58
0
0
9.83936e-55
0
5.49055e-52
0
0
0
0
1.32818e-46
4.47157e-45
1.8529e-45
5.56862e-45
1.30387e-46
4.97685e-46
2.01965e-45
0
0
5.77628e-47
0
0
0
0
6.9504e-44
6.53161e-42
3.355e-42
1.48045e-43
1.08553e-42
7.2432e-42
9.19019e-43
2.34534e-43
0
0
0
0
0
6.82575e-41
5.92326e-41
9.67569e-40
2.54307e-40
0
1.70209e-39
2.26748e-40
0
3.42645e-23
8.04533e-19
2.429e-18
4.01531e-18
1.75985e-18
4.6125e-103
0
0
2.1572e-76
0.281573
0.421018
0
0
6.00759e-75
6.58392e-80
0
3.97104e-21
5.03422e-39
2.59057e-24
0
0
0
0
0
1.98048e-25
9.33298e-39
1.27843e-14
1.799e-15
1.0668e-15
2.44119e-16
0
1.67602e-40
4.87213e-41
1.33987e-41
0
0
0
4.70641e-39
0
0
3.63485e-15
7.32082e-81
0
0
9.28098e-84
5.05401e-47
2.30825e-50
2.61605e-51
5.4704e-45
3.3343e-16
4.24136e-17
3.19845e-17
5.20928e-18
4.05082e-18
6.18789e-19
4.96401e-19
7.11571e-20
5.89162e-20
7.92855e-21
6.77885e-21
8.56547e-22
0
0
1.71592e-19
5.31627e-18
2.99143e-37
1.28706e-37
6.38614e-76
2.99144e-77
1.60449e-103
0
0
0
4.91476e-85
9.04268e-85
0.186507
0.253169
1.16099e-76
5.44196e-95
0
4.53284e-73
6.30971e-74
7.56766e-22
2.46684e-17
2.43894e-77
0
0
4.98445e-83
6.02122e-14
0
0
8.59645e-84
2.06307e-85
0
0
0
0
8.97712e-23
3.5158e-51
4.09337e-52
1.02664e-52
5.12852e-27
3.69066e-27
1.6201e-36
3.93882e-37
4.02739e-38
7.81606e-38
6.3853e-18
3.9195e-18
0
2.21713e-22
0
0
0
8.75632e-94
0
0
1.08616e-104
0.10433
0.113733
0.141966
3.30362e-45
3.38069e-71
2.67087e-85
5.17653e-85
2.95402e-86
2.34784e-86
1.24381e-87
1.86685e-88
7.04354e-90
0
0
0
0
0
0
1.02337e-94
1.02885e-16
2.17281e-50
1.80952e-93
1.81178e-94
4.86367e-20
5.24599e-76
5.44966e-77
0
0
5.68316e-96
1.07505e-72
1.38101e-73
7.89942e-75
1.5852e-74
8.83462e-76
1.61105e-75
4.4115e-17
7.01328e-21
0
0
5.84868e-61
3.27951e-60
4.43133e-37
0
7.80536e-39
1.16532e-38
5.00903e-37
9.18925e-38
2.60281e-18
0.277946
0.146514
0.241644
0.117267
0.152399
0.07231
0
0
3.38739e-93
1.17016e-94
2.35699e-93
0
5.97029e-95
0
0
0
0
3.15143e-19
8.2032e-23
5.02897e-52
6.03409e-53
0
9.78771e-27
1.19197e-26
0
0
2.02175e-18
0
1.40501e-22
2.41898e-22
0.0673328
0.0646974
3.61812e-103
2.77738e-101
4.13563e-77
2.18308e-75
0
0
9.13214e-24
6.97862e-24
3.35147e-78
0
0
1.85658e-61
9.0281e-89
0
2.28137e-82
8.59686e-60
1.10623e-58
5.33064e-36
2.5936e-37
0
4.623e-53
7.00475e-54
5.07229e-54
5.85593e-22
1.1799e-22
1.47909e-44
0
0
7.71722e-106
8.74263e-77
1.43044e-76
0
0
0
0
0
6.63609e-75
0
0
0
9.38083e-60
2.19524e-89
8.26839e-91
2.17838e-59
3.01376e-58
1.18205e-19
9.15285e-40
2.67481e-75
2.09475e-76
7.52675e-72
1.80654e-71
6.75149e-53
0
1.37527e-57
4.0674e-57
4.24899e-58
6.09824e-57
3.24651e-58
4.97335e-57
8.66501e-59
1.56398e-57
0
2.83774e-93
3.10714e-79
7.88546e-55
0
4.30976e-19
3.52423e-20
0
0
0
0
6.52061e-25
2.3795e-25
8.64048e-24
0
1.02843e-36
0
0
0
7.33942e-73
0
0
0
6.35153e-27
0
0
0
4.04728e-30
5.27854e-52
6.96738e-74
5.58503e-75
2.85127e-75
7.26815e-76
6.49912e-77
0
0
5.28011e-88
0
5.4135e-55
2.96799e-19
1.57638
0
6.83613e-23
5.23366e-23
1.53708e-60
0.0263153
0.0212026
0
0
4.50065e-77
0
0
0
9.18544e-75
0
3.98265e-75
2.67954e-76
1.36238e-77
1.42144e-77
2.87293e-76
1.12756e-77
5.34703e-56
0
0
0
1.83346e-15
0
0
0
0
0
0
5.69002e-107
0
1.12247e-104
1.8358e-104
1.61233e-103
0
0
0
0
1.8514e-57
7.13514e-69
0
0
1.26407e-94
0
1.8488e-26
1.23234e-70
2.99359e-70
0
1.61939e-26
5.52657e-27
6.45797e-53
4.69559e-52
0
2.69844e-56
4.71968e-21
0
3.33551e-71
0
0
8.62211e-56
1.15806e-55
1.46238e-23
1.3811e-23
2.37871e-76
5.27725e-78
1.83176e-53
0
0
0
0
0
1.92625e-09
1.24969e-12
0
0
4.94433e-16
0
0
5.29511e-89
3.67586e-83
4.31255e-84
1.3045e-82
0
3.58341e-85
0
2.59714e-86
0
1.37895e-85
7.73601e-87
1.5712e-86
1.27672e-19
0
0
0
5.62634e-56
0
0.00779716
0.00456727
0.0100473
0
0
0
7.54908e-17
9.24478e-17
3.59821e-20
0
5.96394e-78
0
6.53215e-97
1.51085e-19
1.78104e-19
4.75181e-20
9.2007e-21
1.89895e-74
0
0
1.79965e-96
0
8.36183e-88
1.02959e-87
6.92859e-79
7.85208e-100
6.13074e-97
1.0949e-104
1.03575e-104
0
0
0
0
0
0
0
4.27084e-108
1.22601e-76
0
0
0
0
1.34143e-27
1.9029e-26
0
0.0132262
0.00164737
4.47585e-55
0.322901
0
0
0
0
0
7.26034e-62
4.66992e-92
0
6.77704e-30
1.29962e-56
1.60272e-56
1.63017e-103
1.61034e-23
1.5841e-22
4.54302e-60
1.55767e-20
2.01747e-21
1.70701e-22
3.06981e-21
0.000406892
0
5.61607e-05
0
0
1.23239e-77
1.98912e-69
7.59489e-70
4.89087e-69
5.12522e-53
3.39565e-52
0
0
0
0
0
5.47407e-69
1.91131e-34
0
9.19168e-28
2.70051e-29
0
1.22376
0
0
4.41858e-81
6.94943e-35
4.65169e-31
3.32948e-59
9.50892e-67
4.14198e-66
9.09093e-66
6.18752e-65
3.644e-65
4.85137e-64
0
6.77161e-64
0
4.32782e-63
2.70292e-62
2.69987e-62
3.03162e-61
1.04141e-61
1.97602e-60
1.61619e-60
1.68099e-61
0
6.18838e-56
0
1.15909e-99
2.53064e-24
2.87357e-24
2.78788e-25
1.74678e-103
3.13379e-102
4.14763e-16
2.40791e-16
0
0
0
0
0
1.90038e-81
1.49864e-80
0
0
8.60137e-78
4.93041e-75
7.43038e-60
0
0
0
4.01382e-64
7.19991e-63
0
0
0
1.73857e-28
7.38005e-64
3.21708e-63
0
0
4.4616e-87
3.32119e-12
4.12442e-98
1.43874e-96
1.85121e-57
2.01553e-86
7.72686e-88
0
0
1.14229e-17
4.35934e-21
3.80916e-22
0
1.5697e-102
5.67107e-103
5.17671e-16
3.62358e-89
7.70613e-90
0
0
0
1.24573e-111
3.46809e-98
8.75393e-98
1.65089e-96
9.94047e-98
8.77349e-101
1.97448e-96
4.30862e-98
6.28664e-106
0
7.97424e-82
9.06602e-82
0
0
0
2.00932e-63
3.09027e-62
0
5.13166e-11
1.18914e-45
3.27395e-55
3.24833e-56
1.75756e-55
2.41962e-09
6.79697e-70
0
2.38746e-107
2.61649e-106
1.68947e-107
1.45074e-108
0
0
0
0
0
0
7.98245e-114
3.22054e-113
8.79634e-114
8.2232e-113
1.95054e-114
3.42493e-113
0
0
0
0
0
0
2.32267e-118
2.75867e-118
2.59175e-118
1.34587e-117
8.3982e-119
6.8498e-118
5.3479e-117
3.45985e-117
1.0332e-116
0
1.38907e-116
5.06865e-117
7.67222e-115
4.99777e-120
0
5.01619e-116
0
0
0
1.17275e-115
4.63147e-117
0
0
0
0
5.48119e-61
2.6685e-61
5.2981e-60
1.05361e-60
6.89349e-60
5.11069e-59
5.32579e-60
0
0
1.79249e-59
2.08969e-57
6.80542e-58
1.1343e-56
4.16396e-57
5.56359e-56
4.01507e-57
9.46735e-57
0
4.37801e-56
1.89265e-58
0
0
0
1.35042e-56
0
0
0
0
4.05341e-83
2.51487e-28
9.14136e-29
0
4.90355e-30
9.96796e-32
2.99732e-29
0
2.69325e-30
0
7.5728e-107
0
5.00954e-99
0
6.04308e-78
0
1.93484e-61
4.75549e-61
1.19681e-60
7.02245e-61
2.50215e-60
7.34032e-63
3.43079e-63
3.65272e-60
0
2.58716e-16
1.11386e-16
0
8.85101e-29
1.1243e-68
1.43481e-69
1.03817e-49
1.70361e-49
1.19379e-68
4.24284e-69
0
0
0
0
0
7.16111e-54
0
0
0
2.08654e-57
1.0158e-64
0
0
0
2.38999e-36
1.99918e-59
2.49223e-88
3.81164e-99
9.62872e-99
3.94268e-101
0
4.97063e-93
1.67022e-56
3.14687e-57
8.42154e-56
9.25106e-97
0
2.80443e-28
5.06408e-28
1.03857e-28
5.1557e-30
1.28013e-21
1.11041e-21
1.04867e-97
8.62397e-97
1.05716e-21
6.02042e-23
0
0
1.9797e-26
0
1.56806e-104
9.15842e-102
4.46698e-101
1.98636e-100
0
1.1011e-99
0
0
0
1.03106e-88
1.86329e-88
0
0
3.20562e-53
5.13654e-54
1.8708e-52
2.12798e-51
0
1.04244e-59
2.48465e-58
0
1.98577e-14
1.27045
4.85882e-77
4.68239e-78
2.63741e-78
2.4754e-79
1.41318e-79
1.29257e-80
7.48083e-81
0
6.1741e-80
1.54647e-53
7.06333e-82
1.1769e-80
4.78058e-32
1.66085e-87
5.82747e-22
2.07172e-58
2.8378e-40
0
1.73613e-30
2.97283
1.81559e-103
3.98356e-17
1.12236e-17
3.97951e-17
2.80621e-18
0
0
8.05769e-89
0
0
0
2.42564e-60
0
1.41842e-112
1.97639e-112
2.61457e-91
0
0
0
0
0
0
1.9255e-99
0
0
0
0
0
0
3.94041e-103
0
0
1.94168e-79
1.00727e-78
3.89918e-78
0
0
1.46829e-77
6.8352e-76
1.60752e-76
8.97001e-78
1.59189e-77
0
0
0
0
2.79386e-76
2.89603e-76
7.25105e-75
1.2445e-75
1.01827e-74
5.42694e-76
1.35321e-76
0
8.53366e-78
0
0
0
0
0
6.95201e-78
3.66488e-76
9.41571e-77
1.3916e-75
1.81865e-76
1.65548e-77
2.01343e-77
1.18696e-76
2.6193e-78
1.76753e-78
1.23149e-80
8.45048e-79
7.88563e-78
1.37573e-80
1.50096e-77
2.13927e-80
0
0
0
0
0
1.75693e-78
0
1.3512e-72
0
6.01405e-73
1.55873e-71
3.16459e-72
5.07113e-71
8.09415e-72
5.62914e-73
1.20118e-72
1.43916e-71
1.90248e-72
2.00327e-71
2.43047e-72
2.40356e-73
2.84315e-73
2.61779e-72
2.87867e-73
2.44942e-72
2.54227e-73
3.07429e-74
2.56556e-74
3.18604e-75
2.52148e-75
1.99724e-72
3.2087e-76
2.41661e-76
1.77272e-75
1.62437e-76
2.26119e-77
1.45547e-77
9.81985e-77
8.45258e-78
5.36916e-77
4.45074e-78
7.12783e-79
3.61829e-79
2.13322e-78
1.67503e-79
9.33649e-79
7.09209e-80
3.74104e-79
2.75295e-80
5.2938e-81
1.99193e-81
9.81594e-81
6.89282e-82
3.21986e-81
2.19659e-82
9.72822e-82
6.45359e-83
2.70959e-82
1.47528e-83
4.21667e-84
9.75677e-85
2.71408e-85
6.3551e-86
3.88423e-82
1.72121e-86
6.9776e-86
4.07757e-87
1.42988e-86
9.28217e-88
5.89173e-80
1.44403e-80
2.5775e-88
5.93446e-89
3.09314e-87
3.75682e-76
1.97457e-71
1.49434e-71
0
0
2.59804e-104
2.40385e-68
1.83338e-67
2.79706e-69
6.49184e-68
2.15358e-68
0
0
0
6.39258e-63
0
0
0
0
1.38313e-66
2.19457e-67
1.68099e-66
1.36838e-65
8.36869e-66
2.14512e-52
2.02887e-52
0
0
0
7.12114e-24
0
0
0
0
9.31765e-65
4.02684e-67
4.14345e-67
2.49201e-65
0
0
0
0
7.54204e-73
6.40594e-74
1.71689e-76
0
5.28892e-73
2.53538e-74
6.77812e-75
4.96504e-72
0
0
0
0
0
4.48527e-88
2.34807e-87
3.10594e-87
0
0
2.78449e-87
2.86059e-87
3.80291e-88
2.03144e-88
0
0
0
5.65616e-11
1.03664e-95
0
0
4.77025e-27
0
3.27835e-89
3.11462e-29
2.10425e-30
7.68589e-57
3.6167e-56
0
0
0
0
5.22922e-97
5.19611e-102
2.41245e-102
6.99108e-98
1.61509e-86
1.68616e-81
2.92164e-80
1.91223e-79
4.9694e-79
3.01184e-78
8.28782e-78
4.57534e-77
1.35405e-76
6.66161e-76
2.16675e-75
9.21476e-75
0
0
0
0
0
0
0
0
0
0
1.21308e-71
3.89104e-72
1.11785e-70
1.62462e-69
6.91704e-71
2.29092e-68
4.93333e-69
7.54801e-68
3.13009e-67
1.13444e-66
1.25785e-67
1.99377e-66
1.28597e-17
3.12175e-21
2.54599e-21
5.92526e-108
4.99715e-78
0
0
0
0
0
0
0
0
0
0
0
0
0
0
3.75515e-39
0
0
0
1.42677e-42
0
6.89111e-43
0
1.57312e-43
5.60377e-43
7.72528e-44
2.75004e-44
1.00856e-44
4.17745e-45
1.22726e-45
5.76544e-46
1.41557e-46
7.39836e-47
8.82273e-44
1.0345e-46
1.5589e-47
9.02131e-48
1.6356e-48
1.05034e-48
0
1.64097e-49
1.18406e-49
8.10175e-50
2.28692e-49
3.22887e-50
1.36398e-20
0
0
0
0
1.38359e-26
2.04472e-97
1.88138e-96
0
1.98652e-96
0
0
0
0
0
0
0
0
1.00346e-86
0
2.55216e-85
2.03021e-86
8.62619e-85
1.1421e-85
0
0
0
0
0
0
3.46612e-78
0
4.76739e-76
0
1.37371e-74
1.96457e-76
7.08441e-74
2.79635e-75
0
0
0
0
0
2.23851e-70
0
0
0
0
3.22907e-63
1.07662e-63
1.72348e-62
1.20758e-61
0
9.16128e-64
0
3.92678e-60
0
1.27534e-56
2.26149e-54
0
0
2.81902e-52
0
1.00212e-48
2.45419e-59
0
0
0
0
0
7.92635e-42
3.83395e-41
0
0
5.2545e-40
5.14146e-40
1.24728e-39
2.92115e-40
1.65968e-39
3.02766e-40
1.82916e-41
1.27134e-40
0
1.46532e-70
3.57313e-41
0
4.20893e-41
0
0
0
0
2.59418e-37
9.70128e-36
5.49683e-36
3.58666e-37
2.0399e-36
2.30707e-37
5.00487e-37
1.13448e-36
0
8.22639e-38
0
0
0
0
6.5518e-36
2.78476e-34
1.24624e-34
1.16735e-33
2.6787e-34
7.33964e-36
6.69223e-82
1.02909e-81
3.9276e-82
3.96811e-81
2.10611e-82
1.94885e-81
1.04689e-82
8.91225e-82
4.83161e-83
3.81674e-82
2.09236e-83
1.53799e-82
8.52129e-84
5.85182e-83
3.27484e-84
2.10878e-83
1.19334e-84
7.21313e-84
4.12407e-85
1.24618e-82
2.34836e-84
1.3569e-85
0
3.67037e-107
0
1.60686e-89
3.73822e-90
7.85425e-80
0
0
7.08288e-103
0
5.23061e-90
3.16146e-62
0
0
0
2.42654e-88
0
0
0
4.99152e-30
4.34656e-28
3.53882e-29
7.32406e-28
5.44668e-48
1.4872e-47
6.45643e-29
8.07115e-28
3.47398e-15
0
4.16604e-17
2.0514e-19
0
1.08952e-20
9.08648e-22
3.82358e-19
9.63096e-19
4.10167e-19
1.2001e-18
2.45883e-19
7.85146e-19
4.0176e-20
6.88498e-20
4.21647e-20
2.70015e-54
4.66548e-55
1.78329e-89
1.00732e-51
1.25076e-50
1.94476e-19
0
2.44768e-104
1.48118e-103
4.74919e-68
4.99107e-69
3.20594e-67
9.78385e-67
9.9482e-68
6.63823e-89
1.28192e-50
4.12097e-51
2.56433e-58
0.0642852
8.17223e-112
1.0775e-92
6.40833e-94
5.46163e-65
3.13919e-92
0
0
0
4.85005e-51
1.30339e-98
2.28912e-84
7.10918e-76
0
0
0
8.98984e-109
4.50795e-110
1.54762e-110
4.0733e-109
3.01783e-110
3.96795e-111
0
0
0
0
2.88231e-116
0
0
0
0
0
2.09076e-40
1.35147e-38
1.57251e-42
0
1.55338e-79
4.22222e-47
2.35137e-74
7.6047e-57
0
3.8691e-63
0
0.00268398
0.00360779
0.000865197
0.00122125
0.00399583
0.00138481
0.00358644
0.00130761
0.00234991
0.000867906
0.00127113
0.000467581
0.00059903
0.00146702
0.000209723
0.000605049
0.00141849
0.000523568
0.00117056
2.5257e-38
1.03626e-115
2.72773
0
0
1.69495e-61
3.37114e-75
0
0
1.30996e-61
4.8229e-44
0
0.0620935
1.51292e-40
8.6287e-55
0
0
1.29757e-56
0
5.5708e-55
6.3774e-55
0
8.85342e-54
0
0
0
0
0
1.01736e-58
1.6729e-54
6.61481e-54
0
0
0
0
0
1.2451e-58
1.47358e-60
3.2513e-60
3.34215e-63
0
2.9435e-64
1.52125e-62
2.01847e-63
0
1.88584e-50
0
1.22216e-64
2.08385e-65
1.04217e-48
3.9887e-49
0
2.05685e-50
9.70078e-50
6.83922e-49
6.44137e-50
0
0
0
8.33675e-49
0
4.67451e-46
2.32918e-46
1.55411e-64
0
3.35663e-45
6.94132e-46
4.53224e-45
4.3441e-46
0
0
2.38684e-47
0
0
1.3026e-44
8.13275e-52
0
0
0
0
0
1.80457e-71
8.19395e-51
2.55542
9.91114e-50
6.65211e-48
6.31875e-47
1.03948e-45
1.80323e-45
2.67437e-44
2.90836e-44
4.06609e-43
3.38292e-43
4.51707e-42
3.10343e-42
3.97879e-41
2.34563e-41
2.89408e-40
1.49707e-40
1.77911e-39
8.19107e-40
9.37595e-39
3.87897e-39
3.44598e-40
1.47641e-39
1.33365e-40
4.27432e-38
5.19656e-40
4.7733e-41
1.69837e-40
1.77787e-39
1.58667e-41
1.65794e-44
1.17953e-41
5.31882e-40
5.34458e-39
5.91439e-41
1.05085e-37
4.60847e-37
1.46562e-39
1.4107e-38
2.37427e-43
3.54731e-39
3.7589e-40
3.26224e-38
1.32409e-37
1.1527e-36
4.85918e-36
2.92113e-37
1.21097e-36
2.54454e-36
1.07825e-35
7.51717e-39
1.23689e-35
5.00785e-35
2.63646e-36
2.01764e-83
4.28207e-88
3.78145e-18
1.39267e-58
0
1.89814e-63
1.74966e-62
7.0078e-63
4.99977e-51
8.09696
0
6.34918e-76
0
0
1.025e-16
0
6.02994e-23
6.82649e-53
0
0
0
2.78851e-18
1.67061e-67
0
0
0
0
1.35918e-63
5.87456e-63
2.39758e-45
1.37177e-63
0
9.63336e-75
9.16645e-65
1.15842e-47
7.92195e-48
1.34298e-22
1.01179e-68
0
0
0
0
9.86174e-76
1.02086e-25
3.53823e-25
4.14832e-25
1.87286e-24
9.18307e-25
6.36908e-24
4.00643e-26
1.17691e-23
3.14249e-23
1.19785e-22
1.10742e-22
1.08495e-24
0
2.08281e-21
3.88145e-21
6.31925e-22
2.66003e-22
0
0
1.95618e-21
5.02174e-22
0
0
0
8.35153e-16
4.14838e-14
2.16468e-14
1.12251e-15
8.97263e-15
8.22526e-14
2.54664e-14
3.72146e-21
0
3.17553e-15
7.18996e-15
9.76033e-23
2.96775e-22
1.59236e-21
7.00555e-22
4.38962e-14
1.07087e-14
1.87296e-15
2.45502e-15
4.54238e-16
5.31205e-16
2.16917e-23
0
6.36659e-22
0
0
0
0
5.18986e-23
0
2.33885e-22
2.81148e-22
0
1.16786e-48
1.70751e-22
2.89185e-49
1.13198e-48
4.83146e-21
3.10529e-21
1.98627e-20
1.1216e-20
7.39276e-20
1.63904e-21
5.22295e-21
7.17779e-22
6.52867e-24
2.20184e-11
5.76105e-12
3.59328e-11
7.41581e-12
4.78706e-11
7.31361e-12
4.90656e-11
4.95715e-12
6.58327e-13
1.79405e-13
1.79516e-14
2.95062e-10
3.15001e-10
1.73562e-09
1.92865e-09
9.72997e-09
1.12322e-08
5.18458e-08
6.2108e-08
2.61869e-07
1.56572e-09
0
0
1.53871e-15
0
3.25302e-07
1.25008e-06
7.72189e-07
3.35951e-06
0
1.65108e-06
6.51609e-06
1.3718e-05
2.40438e-05
9.1733e-06
3.05702e-05
8.25817e-05
9.55119e-05
2.93393e-05
8.1989e-05
0.000278388
0.000210945
0.000751005
0.000496394
0.00186399
0.00106208
0.000202624
0.000350313
0.00205115
0.000527032
0.00354782
0.000668358
0.00544258
0.000661101
0.00732852
0.000504201
0.00848859
0.000205159
0.00823779
0
0.00681067
0
0.00400306
0
0.00111772
3.78765e-05
2.24485e-06
0
0
0
0
0
0.0164199
0
0
0
0
0
0
0
0
0
0
2.70842e-05
0
4.702e-49
0
8.15348e-47
0
1.66222e-35
1.03282e-16
1.09289e-16
4.87277e-16
0
1.06379e-52
7.22324e-63
0
0
0
0
0
0
0
1.81275e-71
1.64915e-70
1.24816e-70
1.75218e-69
2.16865e-70
3.23329e-69
1.53715e-70
2.45595e-69
1.73318e-71
3.88244e-70
0
0
0
0
0
0
6.32338e-74
4.71461e-68
0
0
7.75982e-69
0
1.43516e-35
5.93105e-35
9.33473e-35
4.81972e-34
4.22705e-34
2.92529e-33
2.0167e-33
8.75325e-34
1.50656e-32
7.16883e-33
0
0
9.08386e-74
0
0
0
1.66283e-90
0
0
8.90976e-26
0
2.96012e-73
3.88823e-77
4.19504e-77
1.87817e-50
2.8283e-67
0
1.34427e-58
0
0
3.6036e-16
2.06714e-78
1.69135e-60
1.02204e-15
0
4.48811e-80
1.3347e-42
0
1.28513e-59
1.24413e-52
4.84045e-66
1.05464e-29
0
1.4799e-82
2.97572e-83
1.77352e-79
2.19527e-33
7.8258e-63
0
3.4161e-70
9.06671e-69
0
0
0
0
0
8.31128e-38
2.55623e-40
5.57553e-39
0
3.5972e-40
0
0
0
0
1.13451e-38
0
0
6.83315e-64
3.66978e-85
0
0
0
0
2.81624e-29
0
0
0
3.40263e-30
1.68879e-30
2.14846e-30
7.60607e-31
3.03542e-31
6.60192e-32
0
0
1.12458e-30
1.1807e-32
0
0
0
0
0
0
0
0
0
9.18639e-42
3.82517e-42
3.65323e-42
9.7002e-43
1.04491e-42
1.97417e-43
7.58095e-45
2.25318e-43
7.09063e-47
0
1.97653e-05
0
2.68506e-52
0
2.18715e-65
7.30609e-55
1.21918e-19
9.41659e-73
0
6.55156e-74
0
4.2059e-75
0
0
0
0
0
7.14712e-82
6.51576e-83
0
5.51669e-84
0
4.44982e-85
0
3.47966e-86
6.22974e-83
7.42325e-82
1.51766e-73
1.21648e-74
9.30642e-74
3.41953e-08
0
0
1.05483e-65
3.46756e-66
1.23329e-28
3.94931e-29
3.38277e-33
9.21471e-17
3.53103e-16
6.13046e-17
0
1.8737e-22
4.9447e-99
1.31e-89
1.47848e-60
0
5.14701e-68
5.74899e-119
1.17055e-16
1.75972e-14
1.85613e-50
0
0
0
0
2.48912e-99
0.0444004
0
0
1.42472e-69
3.58006e-22
0
8.06019e-10
8.67556e-14
0
0
1.0528e-10
0
0
0
0
3.87376e-95
0
0
0
2.9487e-53
0
6.28303e-58
5.60483e-37
1.02945e-40
1.50817e-48
0
0
2.01562e-20
1.33765e-46
0
0
0
3.67464e-62
1.51299e-70
0
0
0
2.67488e-87
9.68801e-78
1.58646e-70
0
1.95435e-95
7.50327e-94
1.25323e-96
0
0
2.62899e-60
2.32869e-88
2.11827e-88
5.28518e-89
0.000582972
1.61002e-06
0
7.04572e-35
2.92108e-34
7.2577e-73
3.14297e-59
0
4.84749e-48
6.35203e-77
3.67709e-78
1.17832e-67
1.9613e-66
4.91902e-68
8.95642e-67
0
4.6197e-101
3.21794e-102
6.51357e-101
1.30957e-102
2.85786e-101
0
1.33454e-29
1.73174e-76
4.15842e-75
0
0
0.000470747
6.94202e-24
0
3.50552e-28
0
0
1.8744e-27
0
0
3.12878e-24
1.06616e-70
0
6.9167e-23
0
0
6.47523e-32
2.08371e-32
1.03757e-33
1.00534e-71
0
5.99482e-115
0.000390883
0.000452568
0
0
0.000168125
7.97082e-05
0
0
4.94211e-32
5.43012e-31
0
7.00376e-29
4.99998e-29
1.55439e-70
1.5602e-70
7.69061e-31
3.87186e-33
0
0
1.04814e-90
0
0
0
0
3.67155e-60
2.33715e-86
7.7707e-87
2.05575e-83
1.39995e-113
1.18725e-114
2.59483e-84
1.58129e-103
0
4.01448e-107
8.3099e-91
2.32361e-91
1.04522e-119
0
0
0
1.02876e-41
0
2.36456e-91
4.47029e-78
0
0
0
0
1.32258e-81
7.13349e-93
7.45276e-92
0
0
1.04905e-100
5.23344e-83
7.00204e-83
0
0
0
0
1.81517e-85
0
0
0
0
4.05674e-90
1.58995e-89
0
0
0.00020701
2.20209e-80
0.000389589
0.000787743
0
0
0
0
6.07506e-92
4.66309e-91
0
1.5719e-81
0
0
9.25476e-43
3.35458e-43
1.29759e-42
1.1603e-44
8.09178e-30
6.61747e-31
8.52641e-32
3.96287e-32
1.3924e-34
1.16526e-33
0
0
0
0
1.36748e-40
0
0
5.49771e-43
3.99026e-44
1.00796e-46
3.88932e-46
2.23661e-47
2.77259e-30
2.88432e-86
7.42534e-29
6.8439e-28
1.25054e-84
6.09048e-83
2.18361e-18
5.19407e-63
2.7892e-52
3.23888e-107
2.26759e-106
0
0
0
0
0
5.97909e-30
2.22887e-41
0
0
5.75063e-74
0
0
0
5.09436e-64
0
0
2.15409e-35
9.33873e-35
1.08494e-52
2.27022e-18
2.57081e-51
1.19037e-51
0
2.08824e-55
2.87938e-35
5.47044e-36
0
0
0
0
0
1.27661e-64
2.02989e-16
3.27141e-17
3.67055e-21
5.45627e-21
0
0
1.40755e-52
0
2.28748e-37
1.67636e-86
9.41736e-94
0
0
1.80992e-20
3.04531e-52
3.75606e-40
0
0
1.28526e-20
0
9.02749e-55
2.85741e-70
4.53868e-70
9.83138e-33
5.93408e-27
2.00962e-51
4.70549e-50
2.21481e-17
8.11522e-81
2.16898e-50
4.12685e-66
7.49408e-06
0
0
8.69508e-75
1.99228e-79
0
6.30228e-64
1.83893e-23
9.92197e-70
2.86509e-58
1.39276e-57
3.20888e-65
1.59495e-65
1.26096e-56
9.58635e-55
0
0
8.12359e-23
1.70841e-22
5.10205e-24
3.14759e-85
2.02148e-57
0
3.99226e-101
0
4.81337e-108
1.40101e-81
0
8.58975e-77
0
0
0
6.24356e-90
1.42186e-90
8.29831e-93
0
0
0
0
3.22078e-95
2.58047e-90
6.88266e-81
8.45442e-75
0
0
4.95611e-38
9.95672e-76
1.25328e-74
2.25257e-58
4.63531e-86
9.52833e-87
1.22295e-21
0
0
0
0.0343904
0.016958
0
0
0
0
6.42585e-31
0
9.63274e-74
0
6.9967e-05
0.00020251
5.92709e-06
1.03917e-61
8.88178e-63
3.17701e-57
1.39643e-56
6.86629e-58
1.61594e-55
0
0
0
0
6.88621e-51
0
0.0650512
0.0671502
0.0418601
0.00319068
0
1.05212e-88
5.54886e-88
0
0
0
0
6.17107e-31
1.01492e-47
4.98989e-47
0
0
3.73686e-23
4.1449e-24
1.83231e-90
2.4161e-06
0
0
0
5.36142e-14
2.31589e-13
0
0
0
0
3.27832e-78
0
1.77045e-76
0
7.28801e-85
1.23191e-83
8.40582e-79
0
6.23729e-63
0
0
2.56624e-81
0
0
7.06661e-67
9.28452e-96
3.77223e-67
1.1038e-69
1.49223e-69
6.15234e-73
0
0
1.42472e-71
1.63129e-72
0
0
7.45015e-87
4.29784e-25
0
0
6.044e-14
1.06377e-10
0
0.000677826
0
6.70851e-71
8.03283e-32
2.40656e-31
4.16538e-32
0
5.74074e-05
2.77656e-05
1.08375e-30
5.98446e-31
0
2.38701e-28
0
3.52917e-72
3.53555e-69
1.96979e-78
0
1.30612e-83
8.81918e-99
0
0
6.91763e-96
2.82297e-95
0
0
0
1.31924e-83
0
0
0
1.50793e-41
4.11318e-42
2.81901e-39
1.04046e-38
0
0
0
4.1305e-65
1.54501e-88
1.04868e-89
0
0
0
1.57503e-17
9.23951e-19
1.10806e-63
1.28463e-44
1.17864e-51
0
0
1.40716e-81
8.01737e-83
0
0
0
0
5.95625e-19
0
4.5022e-19
1.77772e-35
1.75723e-34
5.0417e-34
1.69507e-33
0
3.00921e-105
0.155866
0.00218529
3.05899e-07
1.29735e-06
1.88605e-06
5.82537e-56
4.60934e-58
1.18662e-57
1.23857e-109
8.10543e-62
0
1.45647e-74
0
1.00671e-71
3.59253e-80
0
0
0
0
0
6.91055e-61
2.34857e-59
1.13897e-59
4.6655e-59
1.0328e-81
0
0
1.61865e-28
0
0
4.06458e-94
1.43418e-92
4.72003e-75
8.6218e-75
0.000269981
0
3.14482e-32
0
0
2.58703e-76
4.4273e-75
5.7305e-26
2.04343e-25
3.01455e-26
0
4.82911e-109
0
0
5.45047e-109
1.0188e-108
0
2.89541e-05
0
3.1891e-05
0
5.19003e-92
2.76222e-90
0.000232239
0
0
0
1.99712e-81
1.21127e-72
4.40328e-78
3.95251e-77
0
3.53321e-84
1.3232e-87
4.45104e-88
2.46153e-87
1.40007e-88
1.43134e-92
3.06396e-116
0
9.79866e-115
0
0
0
0
0
0
0
3.32251e-112
9.61973e-91
4.87713e-42
0
1.31418e-93
1.73176e-94
2.2755e-92
1.2974e-93
3.59284e-93
0
1.96773e-55
3.76263e-56
1.36378e-49
4.61866e-27
6.79107e-92
5.80507e-93
2.90844e-43
9.08532e-44
0
0
1.4162e-63
1.83282e-107
1.74098e-106
0
7.36137e-19
0.28052
0.203486
0
2.29534e-59
0
0
0
4.95538e-33
1.59457e-32
6.49112e-29
4.79013e-28
6.65803e-30
4.66659e-63
1.27541e-62
3.81446e-52
3.55495e-90
2.86909e-59
0
0
0
1.53878e-54
2.03518e-52
1.01749e-51
2.80544e-49
0
0
5.9092e-18
0
1.52469e-105
1.41429e-105
7.08745e-105
1.42103e-45
6.55376e-45
1.1729e-45
2.63343e-44
2.00912e-45
8.61776e-44
0
1.9144e-43
0
4.93526e-74
9.74978e-72
0
0
1.20794e-94
0
0
0
0
0
0
1.21095e-54
2.22005e-52
4.34394e-53
1.55747e-52
1.16943e-53
6.06878e-53
0
5.09046e-88
0
5.47529e-88
0
4.45916e-17
1.84964e-17
2.69355e-17
0
1.36617e-50
7.7717e-50
4.80506e-51
4.09867e-66
4.08608
1.89494e-78
2.56734e-77
9.21252e-78
1.39452e-55
3.80881e-06
3.37023e-19
0
8.10854e-75
1.42138e-74
1.14659e-73
9.34261e-74
1.10143e-72
1.54198e-37
1.24321e-73
4.95629e-19
0
0
3.94215e-59
0
1.18417e-73
1.28156e-73
3.08596e-53
2.03931e-45
0
0
0
0
0
0
0
4.81274e-26
2.60349e-68
1.28066e-67
4.81411e-37
8.79968e-37
0
0
0
0
0
0
0
4.7571e-27
0
0
0
1.08336e-61
2.32621e-60
6.15122e-60
3.31542e-61
8.43354e-60
1.45451e-58
1.41041e-58
2.31946e-57
2.46425e-57
1.80667e-57
4.80313e-61
1.1235e-58
1.21721e-57
3.66202e-54
0
0
1.81813e-47
4.95777e-47
1.10143e-12
7.76918e-55
0
1.63265e-75
0
0
0
0
0
7.59806e-22
3.89154e-21
0
0
0
1.41163e-79
0
1.23472e-41
9.96702e-77
9.0733e-63
2.74774e-36
4.80436e-27
2.82014e-27
2.69659e-26
1.36194e-26
1.24183e-25
5.48089e-26
4.76108e-25
0
1.6951e-37
1.3203e-57
1.02971e-56
4.61201e-57
5.84964e-56
0
0
0
0
0
2.80929e-75
1.94207e-15
9.78292e-82
7.2828e-83
1.73814e-82
1.31448e-83
2.97258e-83
2.2992e-84
4.91991e-84
2.8996e-24
0.00562605
3.41594e-51
0
7.47001e-74
2.09394e-37
4.15495e-16
1.22139e-09
1.51225e-61
5.93531e-47
0
1.93502e-60
1.80461e-43
0
7.74487e-56
1.15111e-54
0
2.92343e-50
3.73482e-27
0
3.51854e-65
1.25869e-66
3.82365e-64
4.79327e-65
2.55228e-63
1.02206e-52
0
1.02387e-55
5.68053e-55
1.5962e-79
5.43891e-56
0
0
5.80562e-80
4.93872e-33
0
0
2.24184e-18
0
0
0
0
0
0
3.85009e-119
3.60996e-118
2.7227e-119
2.37506e-118
0
0
0
0
0
0
1.72187e-122
1.10661e-121
1.50963e-122
1.25927e-121
1.24186e-123
3.13216e-122
0
0
0
0
0
0
5.25668e-127
1.23832e-126
4.39667e-127
2.42426e-126
8.41449e-128
1.01154e-126
0
0
7.26639e-126
2.70884e-127
3.48978e-125
0
5.51459e-126
1.01835e-124
0
0
1.10828e-58
0.0869765
5.17073e-78
0
7.54645
5.72137e-96
4.54441e-91
5.30862e-86
1.52258e-82
0
0
0
2.65e-85
1.56782e-86
0
0
6.12904e-83
0.00601818
0
1.92684e-22
4.51607e-79
2.85886e-56
0
1.35779e-93
2.18724e-80
0
0
5.63044e-94
1.57394e-95
0
0
0
0
5.21062e-65
1.36597e-110
0.025485
0
1.29054e-87
5.86075e-89
6.05727e-87
3.27873e-79
4.27229e-78
0
3.27956e-88
6.1471e-87
3.56282e-88
2.19511e-87
1.41662e-88
0
0
0
3.10218e-92
0
0
0
4.30326e-84
0
0
0
2.7345e-58
0
6.00773e-59
1.93586e-61
0
0
0
0
0
2.00657e-23
1.71884e-22
1.33045e-73
0
3.27093e-76
0
6.18131e-70
9.40031e-17
1.41631e-17
0
1.32177e-32
2.38374e-13
0
6.95682e-69
0
7.45299e-63
0
2.62232e-24
0
1.58669e-19
0
3.48697
2.11699
8.99016e-72
0
0
4.7678e-30
9.11319e-30
3.61051e-84
5.95541e-83
7.42347e-88
0
3.22055e-28
0
1.43643e-27
1.84166e-05
9.50634e-06
3.29345e-05
0
0
4.87694e-79
4.69014e-79
0
3.81939e-78
3.17693e-77
3.37624e-82
3.57807e-81
8.44365e-95
0
0
0
0
1.26522e-83
4.44091e-85
0
0
0
5.52371e-77
0
0
2.84729e-125
1.86496e-124
0
0
1.52671e-124
0
0
0
0
0
0
5.67968e-119
0
0
9.89025e-101
1.7615e-102
7.46759e-101
9.1957e-90
0
0
0
0.000121759
0
0
6.38738e-74
2.4193e-74
3.97611e-85
1.74676e-85
0
0
1.60363e-86
0
0
7.95657e-116
0
0
0
9.55322e-84
1.14093e-82
1.37043e-81
2.9421e-81
2.71255e-88
3.21963e-93
1.10147e-92
0
0
1.14676e-29
9.50477e-30
2.77033e-78
2.08035e-77
2.48587e-110
0
0
2.51658e-42
4.63554e-30
3.94346e-33
1.6249e-44
5.37006e-92
1.90853e-39
0
0
8.59623e-68
7.9501e-67
0
0
4.70865e-49
0
0
0
0
0
4.32965e-125
0
0
0
0
6.61567e-91
1.59721e-19
6.81353e-50
1.886e-30
1.71245e-29
0
0
1.43994e-66
4.18643e-67
2.9292e-68
1.15676e-67
8.1982e-69
0
1.51088e-17
8.51636e-20
8.9924e-18
5.78013e-63
6.00213e-16
1.01887e-35
3.43818e-56
1.07069e-12
1.93805e-40
3.93461e-41
0
0
1.35711e-50
3.16902e-50
1.52665e-51
0
3.00687e-51
1.7703e-34
3.71189e-35
7.85993e-34
0
0
0
5.08576e-45
2.09037e-44
0
0
5.72626e-49
2.23741e-48
4.43687e-32
0
0
0
0
3.11137e-54
1.17033e-56
0
0
0.00530964
0.01388
0.00188102
0
1.85419e-25
1.53165e-24
4.81559e-65
0
1.41247e-53
7.66974e-52
2.87912e-52
0
6.95515e-45
8.86951e-37
3.74856e-37
7.18719e-38
1.65199e-81
6.84949e-55
0
0
0
4.44607e-40
0
6.9323e-57
2.23097e-55
2.48062e-55
0
2.19308e-44
0
3.25147e-43
0
0
0
1.17793e-70
2.42154e-71
0
0
0
0
0
0
1.74623e-62
7.34915e-17
0
3.3649e-104
2.64307e-105
3.23598e-104
3.40859e-19
3.83845e-64
6.11595e-65
5.06321e-66
1.00897e-65
2.48287e-77
1.26054e-75
9.12616e-78
7.5892e-80
1.97319e-70
1.62551e-69
0
0
3.5223e-65
0
2.31524e-80
1.5647e-06
7.4411e-38
1.17686e-37
2.67016e-57
2.01399e-49
1.33752e-48
0
0
0
0
0.0193403
6.24551e-05
0
0
5.06568e-18
2.05612e-18
5.01948e-37
0
0
0
6.87556e-25
2.31079e-22
5.65768e-35
0
3.88849e-85
3.31371e-85
0
8.44471e-71
0
2.02838e-23
1.8997e-23
0
6.40773e-23
0
1.24984e-68
2.91958e-68
7.68006e-72
1.99673e-71
0
0
0
2.68663e-62
0
1.66886e-57
9.89493e-60
1.81044e-56
2.91469e-74
3.30038e-42
1.65798e-17
0
0
1.34184e-55
8.86183e-105
1.33783e-104
0
1.084e-72
7.7118e-59
7.27935e-58
1.11251e-56
1.64007e-57
1.61858e-58
0
3.45902e-87
5.16149e-64
2.78021e-64
0
2.88895e-66
0
0
4.29291e-67
1.52053e-66
0
2.15207e-08
0
0
2.52461e-38
1.32048e-35
0
0
3.70535e-78
0
1.73906e-62
1.33274e-62
0
0
4.20988e-111
0
3.0422e-68
2.30385e-55
1.02243e-92
1.82568e-91
2.7036e-91
3.21452e-90
0
4.99259e-74
1.14261e-73
0
1.44661e-21
4.50365e-21
0.015092
3.40212e-61
1.18495e-60
0
0
2.80236e-83
1.113
5.9156e-57
1.25228e-53
4.7986e-78
1.1383e-75
1.11455e-68
1.43171e-68
7.67631e-69
0
0
1.89236e-56
2.1843e-69
5.71751e-70
0
0
0.00394655
0
8.73776e-96
0
0
1.80875e-78
5.92388e-79
5.24317e-78
2.60116e-57
0
0
0.127031
1.51111e-54
7.40829e-55
7.95281e-57
4.60563e-58
0
2.0237e-94
2.49414e-90
0.00886682
0
1.10202e-43
5.80258e-76
3.2959e-76
5.37248e-75
8.83101e-100
0
0
0
2.60812e-107
0
4.71691e-17
0
1.58003e-06
0
5.52262e-25
1.2513e-25
2.16497e-73
6.61853e-72
8.90175e-72
8.02855e-71
5.38612e-71
6.70802e-70
2.33946e-70
4.98e-76
4.18846e-69
5.85768e-70
3.89175e-73
0
0
8.78886e-24
2.66709e-26
8.55966e-21
2.06929e-20
0
0
1.26554e-76
4.29628e-77
0
0
0
0
0.00040327
9.10468e-05
5.911e-68
0
0
0
0
0
0
0
3.1332e-76
5.59421e-75
0
2.57873e-68
1.34135e-67
3.21144e-111
3.92105e-112
0
0
1.28514e-25
0
0
5.5056e-32
0.00843905
0.0317324
5.56423e-25
0.0713507
6.06159e-72
9.26244e-73
6.56327e-33
3.07804e-32
1.50521e-30
2.31955e-24
0
2.23703e-24
0
0
0
0
1.40587e-70
0
1.09358e-67
0
0
0
0
9.16172e-62
8.81664e-61
1.73795e-59
1.42861e-59
6.68813e-59
1.5766e-58
8.34272e-60
0
0
0
0
0
0
0
0
0
0
0
5.22596e-44
0
1.97604e-42
3.71692e-41
5.40008e-41
4.08306e-42
3.26699e-58
1.66649e-55
1.05823e-40
0
0
2.8279e-40
0
1.37144e-43
0
0
8.64379e-59
4.00349e-60
0
0
0
0
0
9.0929e-81
0
0
6.6648e-112
3.66637e-110
2.64583e-82
2.19061e-81
0
7.42784e-116
1.57724e-83
1.95743e-82
0
0
0
0
0
0
0
3.10905e-86
1.28024e-86
3.6856e-30
1.96259e-30
0
4.81342e-113
1.30414e-112
0
0
4.24352e-85
0
2.1202e-83
4.61714e-85
0
0
0
0
7.42523e-82
0
5.55033e-80
4.78921e-80
0
1.32213e-82
3.20076e-82
0
0
1.04583e-73
1.16325e-75
0
4.68071e-77
0
0
0
2.50002e-104
0
2.86217e-94
2.77942e-94
7.74284e-89
2.12276e-88
2.8039e-113
3.19335e-114
7.56806e-113
0
0
0
0
3.15483e-120
1.45191e-123
0
0
6.80414e-128
8.88161e-94
3.73623e-93
1.99233e-94
2.19853e-91
7.61328e-91
3.05919e-103
4.39453e-102
1.93333e-127
4.86036e-31
8.12253e-29
1.40035e-60
8.10297e-23
3.38642e-30
9.96968e-30
2.7505e-40
1.04202e-17
0
8.55514e-104
6.23941e-19
0
0
0
4.0743e-43
0
6.00558e-30
1.15756e-91
1.45445e-27
9.14677e-60
0
5.82055e-31
0
4.49817e-39
0
0
1.4483e-17
0
0
0
0
0
0
3.62624e-62
4.57839e-64
6.13863e-18
0
0
1.00852e-49
0
3.90033e-29
0
1.95079e-07
9.58776e-10
2.40335e-16
0
0
0
0.0107403
2.81446e-62
9.4888e-13
7.54751e-43
4.75198e-32
5.7491e-100
1.83774e-17
7.00034e-77
0
2.88021e-34
1.31339e-93
1.33204e-32
4.35975e-33
1.618e-32
0
0
3.14473e-46
0
1.02056e-43
0
0
0
0
0
3.41899e-76
1.50574e-49
3.79895e-49
0
0
0
0
5.88742e-66
2.05124e-65
0
1.90999e-32
4.16735e-67
0
4.11421e-117
0
0
0
1.67491e-44
2.99726e-45
1.24284
1.50548e-45
4.22825e-45
1.15577e-46
5.92775e-92
0
0
4.26395e-65
0
1.52505e-72
2.44203e-49
2.81578e-49
5.46225e-35
3.44103e-38
4.38491e-39
0
0
0
4.23221e-54
1.58853e-52
0
0
0
0
0
0
0
9.11145e-83
9.02862e-82
0
4.56219e-54
0
7.4679e-66
3.42528e-82
2.07669e-56
8.97697e-64
3.26147e-17
3.03537e-78
1.33946e-77
9.19406e-79
3.83889e-78
2.56238e-79
1.01207e-78
6.57448e-80
2.45518e-79
0
4.3129e-87
0
2.52204e-71
3.4861e-71
6.39059e-70
4.12966e-71
7.74642e-70
3.96183e-71
2.01165e-72
9.9426e-20
0
6.83204e-79
3.3287e-80
9.33317e-18
0
3.2539e-120
0.193876
0.0910978
0.79505
0.496732
4.29765e-107
2.80137e-105
2.85467e-103
7.54998e-19
2.88035e-19
6.82271e-19
0
2.32888e-51
5.48822e-60
0
0
0
5.65107e-55
7.65601e-56
0
0.000428682
0.000113961
7.96895e-06
1.13613e-07
0
0
0
0
0
4.09962e-13
0
3.96272e-14
0
0
2.93391e-18
0
0
0
0
1.53062e-21
9.04885e-60
1.05236e-60
1.9347e-64
1.90704e-17
0
0
1.05866e-72
5.36597e-73
6.0614e-95
7.26288e-95
6.98543e-96
0
1.18309e-38
4.85133e-40
0
1.71277e-39
5.58871e-07
0
0
0
0
0
0
3.93219e-79
7.94624e-74
2.81586e-16
0
1.69592e-61
1.1287e-101
0
1.46789e-103
0
1.52167e-105
0
1.70415e-48
1.83215e-54
7.89397e-54
2.03426e-53
0
1.14905e-33
5.1837e-37
4.18855e-97
1.46814e-09
0
9.5495e-39
1.26867e-38
9.12512e-55
0
6.73211e-67
1.12501e-68
0
0
0
1.04717e-06
2.65765e-54
4.92629e-55
1.00954e-81
2.22017e-80
0
0
0
0
1.18708e-56
3.71255e-48
0
9.84406e-40
5.22851e-66
0
1.46222e-23
1.45895e-23
6.18341e-23
2.71517e-84
1.87781e-85
1.46181e-85
1.94394e-85
3.34e-69
5.83945e-80
3.92437e-07
6.78989e-07
1.67237e-07
2.35747e-07
6.81652e-35
4.01926e-24
6.11921e-72
0
2.56251e-90
0
0
3.02537e-19
6.87616e-60
9.99031e-96
0
1.53038e-74
3.33991e-73
6.07799e-61
0
0
0
3.71423e-63
2.73524e-05
6.41614e-50
0
4.77917e-25
1.3519e-23
0
2.21743e-89
2.3314e-88
7.10296e-21
0
1.24572e-76
8.65626e-07
6.09459e-59
0
0
9.65134e-33
1.09633e-31
0
9.74395e-71
9.76444e-71
3.35808e-79
5.99941e-64
0
0
0
1.34493e-26
0
0
6.14978e-39
5.57914e-38
3.63989e-38
3.13248e-37
1.01106e-37
1.76399e-37
1.66457e-36
0
4.40213e-36
0
3.40742e-25
1.81908e-38
0
0
0.0338702
2.5215e-07
4.93046e-19
3.98597e-51
0
2.15015e-69
4.30222e-70
7.55793e-24
2.53521e-66
0
0
0
0
0
0
9.93241e-94
0
5.74912e-96
0
0
4.61013e-31
3.73277e-32
1.49937e-32
2.64609e-40
0
9.7719e-25
0
1.35422e-35
3.08551e-75
6.66873e-22
3.82114e-23
9.13479e-21
0
0
7.33813e-18
0
5.64674e-59
1.17548e-18
0
0
1.72357e-77
0
0
0
2.83724e-15
2.33553e-15
0
1.69665e-51
6.40214e-86
7.48405e-22
8.07741e-27
6.3403e-58
0
0
0
0
0
0
7.51156e-06
8.09388e-39
2.5105e-40
3.48113e-39
0
5.34329e-60
1.4255e-35
0
0
1.13224e-109
5.66244e-111
1.78547e-109
1.03185e-110
0
0
0
0
2.51664e-76
1.48197e-76
1.02551e-77
5.55381e-42
0
0
0
0
9.40771e-13
4.56475e-12
3.57591e-12
3.91858e-20
1.33447e-48
7.93505e-50
5.04915e-14
0
0.00289577
0.000148779
0.036765
0.0126768
0.108181
0.0441065
0.203036
0.431541
0.58222
1.11227
1.22486
2.13873
0.0882981
1.06611e-51
4.76101e-64
7.16875e-63
1.32404e-24
2.80647e-73
0
0
0
0
1.16771e-43
0
0
0
0
3.18688e-24
0
1.27503e-10
0
0
0
2.24466e-29
1.27091e-98
7.24506e-36
9.60902e-36
1.31527e-36
0
1.29364e-52
2.42964e-53
1.15481e-68
5.24543e-21
7.75762e-20
2.18928e-66
5.96689e-65
3.26191e-63
0
0
9.27388e-110
1.2944e-49
0
0
0
1.7553e-26
2.15178e-14
0
0
0
8.98397e-73
0
0
1.26707e-90
2.05455e-82
8.53582e-54
0
0
0
6.44811e-22
5.83136e-36
5.0366e-57
0
0
0
0
1.2745e-86
1.56119e-57
1.09504e-79
1.86021e-14
7.42742e-75
2.33344e-59
0
9.47079e-58
3.44672e-56
5.87152e-55
1.49743e-39
1.41075e-58
1.2554e-59
2.75711e-59
2.49672e-60
5.12746e-60
4.72796e-61
9.07613e-61
9.43904e-60
1.55836e-60
2.37142e-100
1.2127e-101
1.1813e-101
5.66605e-103
1.6743e-103
1.17716e-60
1.24618e-32
1.41641e-33
0
0
0
5.67963e-53
3.66454e-53
0
1.73033e-07
3.40649e-76
0.0224643
6.31535e-76
0
0
6.04523e-08
3.87278e-08
0
1.60507e-77
0
0
6.9243e-19
1.23e-17
0
0
5.04859e-17
5.22137e-21
0
0
0
0
8.61345e-26
0
1.37017e-25
1.08748e-29
0
1.42305e-58
6.54097e-59
1.01675e-66
0
1.39221e-104
0
8.07751e-43
3.64995e-42
0
6.86763e-44
9.51969e-42
3.57173e-17
3.91831e-16
7.17329e-16
5.69543e-16
0
0
5.53591e-58
0
0
0
0
0
0
0
0
0
1.04037e-81
1.53397e-56
0
0
0
3.22026e-42
0
0
2.18517e-66
0
0.023465
4.48454e-80
0
0
0
0
0
9.77392e-19
1.27011e-18
3.20178
0
0
7.10582e-25
9.91569e-25
7.04676e-74
0
1.91259e-80
1.87478e-72
0
6.46689e-85
0
3.23938e-84
4.68495e-19
7.16442e-19
1.61803e-19
8.72891e-19
6.43543e-88
3.69648e-80
3.8038e-93
2.99011e-108
0.847284
5.6633e-77
0
3.9247e-102
0
0
0
0
3.43987e-65
4.60397e-64
0
2.53694e-29
1.36341e-28
1.71641e-28
9.69623e-28
2.22051e-74
0
4.84068e-81
0
0
4.09328e-120
2.08587e-75
9.10739e-77
0
0
0
0
0
0
3.91904e-78
0
0
0
3.35831e-12
0
3.25586e-13
0
0
0
0
0
0
3.90067e-13
2.25146e-13
4.05082e-13
2.03722e-15
1.18547e-12
0
0
0
0
1.12623e-24
0
0
3.64785e-66
4.54997e-65
1.39736e-67
0
0
6.27448e-70
0
4.68846e-59
8.76402e-56
4.19881e-56
5.31725e-32
0
0
0
6.28942e-62
0
3.89078e-80
1.45799e-92
2.98403e-21
5.34582e-21
1.38758e-85
6.70584e-55
1.67331e-55
0
6.79619e-77
4.02701e-31
0
1.67271e-73
7.04054e-79
0
6.20483e-60
5.58664e-52
7.074e-91
1.03778e-89
0
2.60074e-36
5.42654e-66
5.0818e-66
0
9.761e-121
3.45412e-63
1.20215e-69
0
0
0
0
3.69878e-38
2.87519e-57
1.0725e-14
7.9612e-60
5.42519e-56
0
1.88373e-87
1.29084e-88
0
0
0
0
1.0879e-20
1.03887e-81
1.60113e-37
0
0
0
0
0
3.18616e-93
0.0285586
0.0335959
0.0696233
0.07477
0.155868
0.151972
0
0
2.70407e-86
0
0
3.20554e-64
1.03053e-67
3.92797e-61
0.921071
1.54296e-70
3.92484e-71
1.36764e-70
1.04058e-85
5.4945
3.09219e-79
0
8.12962e-76
0
0
8.73945e-11
2.14594e-44
6.42079e-99
0
5.02422e-90
8.44062e-93
1.01702e-05
8.39607e-79
0
0.0658433
2.30727e-59
9.8264e-59
9.01584e-20
3.8988e-20
1.32533e-51
1.0942e-60
1.04727e-83
4.38156e-83
0
3.21903e-70
1.98064e-71
1.29378e-69
1.75168e-92
2.13041e-84
5.54751e-70
8.81593e-90
3.59175e-88
2.50647e-89
2.13162e-28
3.98232e-101
1.43239e-99
1.44431e-101
0
0
0
0
5.59889e-69
8.494e-72
0
0
1.83574e-68
0
0
3.50205e-82
7.20952e-83
2.55166e-84
0
1.23473e-85
1.52922e-61
5.2946e-25
6.55343e-26
7.9629e-23
5.0712e-86
8.95401e-35
1.40966e-35
2.00732e-54
1.9978e-76
0
0.629498
0
2.98467e-78
4.87547e-52
0
0
1.08906e-35
2.47856e-34
0
0
7.79692e-56
6.10258e-58
0
1.14236e-73
0
6.12716e-103
4.57462e-51
6.2108e-51
2.49517e-09
3.48404e-12
1.2057e-108
4.14794e-24
0
0
0
6.25638e-69
0
6.4754e-22
1.15327e-20
0
2.44612e-61
2.37816e-60
3.46392e-61
5.96694e-89
4.38871e-19
1.445e-18
0
1.97332e-77
0
0
0
0.0018711
0
0
4.36574e-19
0
1.56207e-18
0
0
0
0
0
0
0
0
0
0
0
7.28484e-23
1.32103e-16
0
0
3.31322e-59
7.9242e-68
5.09263e-68
4.72052e-69
2.93205e-68
0
2.26925e-74
0
1.06395e-74
0
0
3.93462e-75
7.35589e-75
1.91105e-75
1.53477e-77
3.79452e-71
1.92068e-76
2.60851e-23
3.47214e-103
7.43909e-102
3.67331e-101
0
9.66488e-115
8.6884e-116
0
0
3.55998e-102
1.25515e-102
4.51382e-24
5.35928e-73
0
0
0
4.73699e-115
2.01686e-114
5.22341e-18
1.85693e-18
2.6087e-69
1.65039e-83
1.01169e-84
2.65438e-82
1.23415e-32
1.84572e-79
3.57196e-80
0
0
5.26293e-46
6.54659e-31
8.24227e-21
1.38316e-28
5.07514e-45
8.49589e-21
2.82712e-20
3.35601e-21
2.06816e-20
1.50026e-21
1.12851e-20
2.17103e-22
3.21814e-21
0
0
0
0
4.93253e-125
1.31779e-05
4.53946e-05
1.21067e-05
4.27818e-05
8.98488e-06
3.36885e-05
4.60466e-06
1.92507e-05
5.67166e-07
0
0
8.30258e-84
0
0
2.58296e-120
0
8.23072e-85
0
0
0
0
0
0
5.29266e-80
2.96772e-102
7.03831e-89
0
0
3.77117e-83
1.88944e-83
0
2.76505e-85
1.88633e-79
0
0
2.6904e-85
3.6537e-84
3.28649e-85
0
0
0
0
0
0
8.62988e-84
4.2609e-82
1.0357e-82
7.35817e-84
5.76604e-98
0
0
0
1.14862e-113
4.19322e-83
0
0
0
1.46066e-109
9.02934e-32
0
4.10946e-89
7.76174e-89
1.52651e-84
0
0
0
0
0
0
1.14929e-124
2.46463e-40
1.00725e-39
9.59178e-43
6.51204e-115
1.57962e-115
3.25633e-93
0
0
0
0
0
1.78907e-43
0
0
0
1.90464e-44
0
0
0
1.81246e-106
3.00121e-105
7.67388e-70
2.37339e-40
9.37423e-40
3.129e-44
4.12525e-45
1.22236e-42
0
0
7.58469e-20
0
7.6784e-47
1.45964e-66
1.31185e-65
6.46448e-66
1.03725e-64
4.66733e-65
7.28351e-64
3.01283e-64
4.57223e-63
1.74736e-63
1.1661e-64
6.27266e-64
3.00673e-45
2.20594e-45
3.41361e-103
1.77861e-105
5.50423e-104
3.14426e-70
1.20453e-73
3.67156e-48
2.88259e-44
0
0
5.89234e-42
1.52706e-41
0
1.57689e-15
3.68033e-15
1.83309e-11
1.2628e-11
0
0
0
5.04812e-33
0
6.52957e-33
9.6133e-35
4.35963e-33
2.4848e-34
1.77066e-33
2.1246e-34
4.25883e-89
8.38856e-90
9.61707e-36
3.86867e-17
0
0
3.88135e-10
0
2.20761e-46
8.44275e-56
3.08912e-44
4.95202e-58
0.016407
1.62326e-48
1.30175e-31
1.69541e-63
1.27963e-64
4.47492e-30
0.650471
1.16857
1.06622e-31
3.87902e-31
2.71598e-32
0
4.29247e-50
3.97276e-34
0
6.0132e-50
3.33402e-49
6.60672e-27
0
7.82981e-73
8.04737e-72
0
0
1.12802e-20
0
1.26013e-74
3.50566e-60
0
0
4.19858e-66
7.36917e-83
3.41975e-84
2.71368e-71
0
0
2.58761e-76
0
8.0418e-84
1.4106e-84
1.32046e-38
2.79687e-72
4.07538e-20
8.70909e-47
2.64107e-49
6.67494e-54
0
1.68453e-80
0
0
0
9.54516e-63
0
2.62388e-113
3.96158e-114
6.29968e-81
0
8.08681e-13
0
0
0
0
0
3.6303e-18
2.67004e-92
0
0
0
3.47846e-93
4.62601e-92
0
2.43354e-37
1.53321e-76
2.66413e-18
6.43228e-19
1.43956e-77
2.1531e-78
2.58693e-07
8.00828e-18
1.32111e-72
4.04661e-74
2.4771e-44
0.314741
1.26242e-17
1.63116e-66
0
0
1.1172e-16
6.46337e-69
0
3.20515e-74
1.77164e-69
1.60342e-68
1.33381e-67
1.40815e-67
0
1.52108e-32
0
0
0
0
0
1.3762e-25
0
1.72228e-48
1.19755e-47
8.43139e-48
7.95519e-47
9.88807e-47
0
2.01645e-61
5.95602e-62
3.20198e-76
3.81845e-50
5.83938e-07
2.37631e-49
0
4.04024e-53
1.18164e-65
0
5.77447e-88
9.36623e-89
1.45396e-08
8.45754e-09
0
6.16311e-39
3.54873e-61
4.9925e-62
1.61344e-05
0
0
2.62726e-59
1.35831e-59
4.06696e-61
3.4812e-60
3.55847e-59
3.05554e-60
0
1.68859e-35
1.67501e-56
3.51991e-39
7.00978e-41
1.7407e-37
0
0
0
0
1.24713e-34
0
3.29954e-71
2.27628e-24
0
1.27997e-42
5.4112e-43
0
0
0
0
0
0
4.69652e-26
0
0
0
0
0
0
2.14451
0
4.79808e-39
0
0
0
9.85439e-43
2.28889e-17
0
0
0
0
0
0
3.0612e-25
0
1.93422e-12
5.69065e-12
4.10946e-11
1.48637e-11
3.93775e-57
0
0
9.00604e-23
1.04007e-39
7.65248e-41
0
0
1.72193e-19
1.27007e-12
7.3962e-84
6.68055e-84
5.31804e-84
0
3.34834e-74
6.07072e-75
1.06179e-20
0
0
0
7.44845e-74
9.81137e-74
5.313e-100
4.24476e-100
0
0
0
3.53991e-86
0
1.92205e-25
0
2.68753e-46
0
0
2.58753e-22
8.10051e-22
0
3.01416e-78
2.8137e-79
0
0
0
1.25237e-15
0.0173772
2.26008e-81
0
1.79703e-106
0
0.00179051
0.000508615
0
0.233952
0
0
0
1.99738e-12
3.34235e-11
0.00421988
0.00696755
0.000623939
6.98083e-56
8.62648e-55
0
0
2.7337e-72
0
0
7.33145e-08
5.59449e-08
1.27687e-66
1.80985e-67
2.28794e-18
7.11924e-86
1.57467e-79
0
0.00660958
5.16693e-09
1.47568e-63
2.87299e-62
0
6.56466e-57
3.4844e-69
6.32192e-63
1.16786e-63
2.24847e-65
0
4.23915e-65
7.66378e-66
2.12169e-64
5.44145e-85
0
0
8.82327e-85
0
0
8.30796e-25
0
1.33619e-97
4.52634e-93
9.19817e-81
1.61291e-80
1.07708e-53
0
6.60533e-31
0
0
0
0
7.427e-36
0
1.63468e-74
4.79306e-62
3.19716e-60
4.29339e-61
0
0
0
0
1.2682e-61
1.56208e-36
2.21495e-37
1.73628e-37
3.0215e-38
2.21519e-38
3.97198e-39
2.73609e-39
5.04476e-40
3.27663e-40
6.20184e-41
3.80951e-41
7.39166e-42
4.30484e-42
8.55251e-43
4.73303e-43
2.18982e-42
2.29664e-43
9.78719e-43
9.82133e-44
2.34947e-44
9.62601e-45
3.71437e-44
3.49589e-45
1.24508e-44
1.12744e-45
3.7031e-45
3.2313e-46
9.77169e-46
9.99723e-47
2.76328e-47
9.22066e-46
1.13772e-44
2.75604e-45
2.28497e-46
5.89594e-46
7.22199e-45
1.40662e-45
1.74997e-44
3.08385e-45
4.72264e-47
3.89788e-44
6.16427e-45
1.34578e-43
4.70903e-46
8.34621e-46
8.68483e-48
2.31683e-48
8.67627e-44
7.92016e-44
1.85831e-47
2.90144e-47
4.83372e-43
3.71286e-48
8.59113e-48
1.48308e-48
2.56121e-48
9.6181e-44
7.91641e-48
9.51958e-42
3.91779e-42
1.84171e-40
6.15246e-47
9.49415e-47
1.31285e-45
1.26653e-46
3.532e-47
6.5324e-49
1.59598e-43
1.84179e-19
3.69279e-39
5.41174e-43
1.00031e-41
3.92353e-82
1.21073e-80
5.47445e-82
1.95695e-79
2.52247e-22
9.13067e-72
2.98857e-71
5.39237e-16
1.76308e-16
2.01653e-16
8.06852e-16
1.87199e-74
6.30299e-77
3.3299e-78
0.00855537
0
0
0
0
0
0
5.54538e-57
1.52537e-57
0
0
0
6.96732e-38
6.25351e-88
6.79348e-109
8.33803e-110
0
0
2.89109e-79
0
0
1.50912e-29
0
1.42639e-111
8.00861e-60
3.45648e-45
0
1.00758e-17
0
0
1.75016e-113
0
0.00150255
1.12539e-80
1.96443e-68
0
2.02676e-93
0
0
0
2.51708e-46
6.51156e-76
1.47124e-69
1.28765e-68
0.100179
0
1.62183e-71
4.08019e-71
0.32068
0.280175
0
0.000719236
0
7.65662e-06
3.28515e-05
0
0
0
3.87672e-05
0
1.31314e-98
0
0
9.53996e-23
0
0
0
0
4.48931e-32
0
0
0
1.22499
2.1375
0
0.0258222
0
2.48369e-21
0
0
1.28466e-72
2.29799e-71
3.17334e-101
7.11123e-24
1.05833e-27
6.23588e-27
5.20188e-27
3.50869e-26
1.21613e-70
0
0
0
0.00331751
0
7.22534e-31
1.91523e-30
1.67529e-32
0
1.52487e-24
0
2.00127e-23
4.378e-84
3.64732e-87
1.55334e-80
0
3.34815e-41
0
9.68285e-35
3.23377e-31
0
0
2.62002e-22
0
0
0
0
2.08212e-38
1.05243e-45
2.77552e-83
2.94455e-82
1.91667e-105
9.90832e-87
1.2851e-89
2.34326e-94
0
0
0
8.76478e-116
0
3.5061e-112
0
0
1.52616e-95
0
3.22704e-104
1.38845e-92
3.26005e-06
0
3.50619e-79
2.27713e-79
5.86191e-81
4.66072e-81
6.04221e-82
3.58957e-60
3.36519e-60
7.12561e-86
0
5.19285e-91
0
2.64169e-83
0
4.13986e-62
2.16103e-87
0
0
0
0
7.22972e-87
3.32689e-89
5.64732e-88
0
1.7282e-104
9.49266e-94
0
0
0
0
0
0
0
0
9.28434e-43
1.17113e-30
2.85802e-28
4.386e-59
1.67212e-102
3.76679e-72
8.334e-90
5.9771e-108
9.9348e-107
1.91312e-107
3.39706e-106
0
2.15344e-107
4.01473e-106
6.58629e-108
6.43972e-105
7.55739e-96
8.28962e-89
1.42413e-87
1.93148e-88
3.4007e-87
4.35857e-88
7.61674e-87
9.05918e-88
1.60837e-86
6.17834e-86
1.78763e-87
3.19167e-86
3.26493e-87
5.78306e-86
5.44447e-87
5.87777e-85
0
7.67693e-114
3.79943e-112
0
0
4.78408e-90
1.59132e-95
1.57129e-114
0
3.06728e-60
0
3.51429e-104
8.92267e-99
1.75287e-41
3.32588e-135
3.00185e-135
8.13606e-136
2.52495e-84
6.88326e-84
0
0
5.56231e-61
0
0
1.10632e-105
2.4238e-88
4.29862e-96
2.13414e-90
1.0662e-88
0
0
6.26399e-95
9.51579e-125
4.25695e-81
0
0
3.34101e-83
4.70546e-90
1.6772e-90
2.09907e-31
1.97336e-114
9.17992e-115
0
0
3.47869e-84
2.58355e-87
7.13508e-84
0
1.88698e-111
1.96095e-111
2.47352e-112
0
1.14241e-15
0
8.06291e-87
4.38117e-87
0
5.91525e-79
1.4229e-79
0
0
9.1198e-95
1.7809e-94
0
0
0
1.65739e-17
0
1.10351e-79
0
1.20701e-94
1.31091e-93
5.96234e-94
3.64668e-91
1.0955e-91
7.30287e-93
2.31389e-100
0
1.78681e-17
3.42122e-92
2.32559e-93
6.85081e-94
3.67627e-95
1.42219e-95
5.49348e-91
2.10063e-112
0
5.96898e-93
1.14368e-40
0
1.2168e-43
1.14521e-45
0
0
9.0032e-45
0
0
0
0
0
0
1.04614e-89
1.39918e-23
4.65529e-41
5.49553e-41
1.43268e-44
4.54987e-47
4.96334e-43
0
3.96436e-76
1.37617e-94
0
0
1.88074e-117
1.7247e-28
5.55404e-70
1.25224e-43
2.27153e-90
2.3413e-89
1.68144e-43
3.06843e-44
0
2.13343e-64
4.55928e-45
5.0102e-47
4.43691e-48
1.48185e-48
7.21146e-50
1.11962e-62
2.46163e-29
1.03465e-40
3.78647e-40
0
0
2.72146e-48
5.42266e-31
4.41914e-30
7.60673e-18
0
0
0
9.13722e-63
0
0
0
0
0
1.11385e-55
1.02521e-57
0
6.83271e-62
0
0
0
0
0
1.93674e-56
1.47879e-43
5.44643e-62
1.20624e-61
0
0
2.4218e-41
5.38746e-41
0
0
0
0
9.23383e-28
7.59797e-30
1.38053e-39
0
1.62681e-60
2.92191e-61
8.88831e-44
8.14466e-65
2.87505e-64
0
6.29935e-43
6.11482e-42
0
0
0
0
4.47397e-75
7.45368e-35
0
1.70932e-75
0
2.19069e-59
0
1.25723e-57
2.254e-58
1.8784e-57
0
1.36252e-61
0
0
2.12045e-51
1.03147e-33
2.93657e-33
0
0
0
0
3.13117e-44
0
0
5.22245e-55
1.46206e-68
2.06754e-70
0.0355135
0.128073
6.89063e-64
7.64076e-27
1.47899e-47
4.44298e-31
6.9102e-30
4.43844e-48
2.20534e-31
5.08712e-32
4.09335e-31
3.16638e-43
6.00571e-42
3.03065e-42
0
4.51421e-48
1.04198e-48
2.59962e-45
2.71546e-41
2.47186e-42
1.7885e-46
2.75869e-47
1.01799e-45
0
0
0.637595
0.837445
9.64532e-41
0
0
1.03808e-24
0
2.09391e-22
0
6.0402e-47
1.46846e-47
9.43881e-56
8.01887e-55
1.04054e-56
9.81517e-57
1.07363e-57
3.28016e-08
1.10874e-58
4.48981e-50
2.16057e-33
1.06164e-35
8.73366e-101
6.47229e-61
3.7906e-44
1.41679e-99
1.31099e-99
1.66863e-25
1.3759e-39
0
1.20027e-33
0.00581874
0.00117357
0.000344082
0.000616024
1.72494e-43
1.42767e-18
0.118355
2.19206e-65
0
2.30846e-33
1.2172e-32
3.69385e-50
0
2.26383e-110
5.42219e-16
7.75587e-17
7.1925e-46
0
1.97863e-27
9.17154e-29
2.78146e-29
0
6.17441e-47
0
2.88709e-71
0
0
4.11361e-118
9.94674e-15
2.16292e-14
1.21566e-13
3.49108e-13
1.65445e-18
0
5.67256e-95
3.27467e-32
3.21073e-33
7.03652e-33
6.61687e-34
1.2798e-33
1.37556e-17
8.40622e-18
0
5.04147e-20
3.39824e-16
6.38887e-19
4.15584e-15
0
1.86103e-55
0
6.83739e-55
8.55077e-56
1.16989e-54
1.24087e-30
1.30492e-30
1.50603e-16
1.36913e-66
3.18456e-67
7.78129e-86
0
0
0.0539241
0
3.09458
2.89281
3.03945
2.71618
1.25645
1.15416
0.338744
1.9452e-11
0
0
1.08483e-84
5.68621e-41
3.87309e-42
5.50901e-42
1.32182e-42
7.42143e-44
0
0
0
0
0
5.673e-61
3.53998e-44
1.30067e-64
8.86601e-66
0.00552264
0
0
0
3.71526e-93
2.10902e-59
0
1.68647e-47
0
7.37891e-62
0
4.03403e-20
5.44193e-55
0.466089
0
0
2.07266e-84
9.20083e-86
1.43058e-86
2.54122e-88
0
0
4.1391e-69
5.86366e-73
1.80113e-72
4.99391e-104
1.52314e-92
4.75258e-83
0.000118356
7.3682e-05
0
7.89401e-67
1.37134e-85
0
8.68465e-20
0
9.18091e-103
2.75692e-81
0
0
0
0
0
2.39178e-110
1.49614e-72
1.13339e-29
3.29737e-30
1.68331e-31
1.62233e-40
1.02887e-45
0
0
0
7.15905e-19
4.89742e-19
0
0
2.0455e-18
0
4.83598e-86
1.94881e-15
0
0
0
0
0
0
0
0
0
0
2.21471e-127
0
6.87293e-126
8.91311e-53
6.75719e-111
3.22453e-67
1.73995e-67
3.26129e-32
3.90225e-31
0
5.86928e-84
8.6032e-84
0
0
1.6009e-85
8.41102e-87
0
0
0
0
1.0966e-19
3.49005e-56
0
0
7.38651e-60
4.9617e-110
0.000147551
1.72689e-92
1.19178e-91
3.95381e-92
0
0
8.8628e-31
0
0
0
2.16457e-89
0
0
0
3.06191e-85
4.38569e-75
3.15838e-74
4.73287e-34
1.02689e-34
3.02627e-49
0
0
0
0
2.35255e-54
6.56836e-16
0.00155903
2.66748
0
0
1.57678e-81
1.20422e-66
1.73611e-94
0
1.08824e-137
3.14755e-34
2.15306e-79
0
4.19605e-57
0
0
0
4.63937e-74
1.90668e-56
1.09047e-112
5.73506e-15
6.80935e-82
8.34445e-74
1.35345e-73
2.60907e-96
1.92598e-21
2.77978e-33
3.72507e-22
2.11027e-79
3.99215e-20
1.98068e-98
0
0
3.37944e-80
5.52047e-99
0
4.18082e-34
1.79031e-61
1.11081e-83
0
3.7332e-77
5.19729e-78
9.11443e-77
1.17614e-77
1.5771e-75
0
0
2.21071e-52
4.69754e-53
4.90292e-52
9.68877e-53
0
0
0
6.84316e-66
5.72675e-97
0
1.99533e-133
7.54478e-132
1.8904e-131
1.31593e-130
0
0
4.73635e-128
0
0
0
0
2.65298e-68
1.26618e-114
6.85112e-114
4.01928e-57
2.07902e-55
5.81046e-35
1.91446e-07
6.21008e-07
1.48457e-06
1.95997e-06
9.99658e-07
4.86815e-06
3.0439e-06
1.02205e-05
5.21071e-06
1.83746e-05
2.81565e-07
4.58772e-07
1.49601e-06
1.44739e-06
5.18747e-06
1.19784e-07
0
0
0
1.00432e-86
2.39964e-80
9.33835e-54
6.8766e-15
2.36297e-37
0
6.36366e-89
0
0
2.16844e-88
0
1.38207e-72
9.94069e-74
2.00128e-93
1.19515e-92
0
0
9.55943e-35
0
0
4.04225e-91
0
0
0
6.14374e-48
3.22187e-53
5.56662e-79
9.41418e-62
3.56545e-17
1.29129e-70
1.61328e-71
0
0
0
3.10472e-126
0
1.2775e-54
0
0
0
0
0
1.00195e-74
5.81658e-75
9.98495e-43
5.87889e-42
4.87987e-39
2.70594e-104
2.17468e-93
0
9.68724e-52
0
3.36847e-62
4.81896e-63
5.3129e-103
0
0
1.45325e-43
2.75962e-97
0
3.88451e-41
1.47102e-41
0
8.40971e-86
6.15954e-86
1.45196e-100
0
0
0
1.79089e-45
1.40198e-46
0
2.30751e-54
6.45081e-60
0
8.6897e-41
2.43487e-76
1.14214e-15
9.91711e-91
1.32726e-126
1.585e-125
2.35437e-125
0
2.02528e-13
3.88356e-19
0
1.92883e-54
1.93731e-126
7.48125e-05
1.44856e-59
0
1.71855e-58
7.80304e-58
3.11783e-57
4.42399e-55
1.8115e-62
3.53214e-62
0
4.0185e-18
3.14094e-99
0
0
0
0
0
0
1.13459e-25
3.67805e-25
5.25894e-89
0
0
0
9.79231e-66
0
3.30314e-113
0
0
1.61817e-85
8.56799e-11
0
2.12168e-61
4.2688e-61
0
2.93266e-82
1.07583e-87
3.43247e-131
8.51341e-130
0
0
0
2.29024e-129
1.51897e-129
1.04366e-06
7.3368e-06
6.59251e-06
2.23037e-05
2.30017e-05
7.35247e-05
6.16614e-05
0.000113144
6.62812e-06
1.35463e-06
6.62933e-06
4.06919e-06
2.43429e-05
2.48669e-07
3.53716e-06
1.1792e-78
0
4.01533e-18
3.02103e-94
1.32628e-90
3.80854e-130
4.53811e-121
5.29539e-120
1.62388e-18
0
0
4.89435e-104
1.00126e-38
1.7886e-39
0
0
0
0
1.39518e-50
2.02228e-80
4.06531e-61
4.2095e-87
9.66022e-74
1.37521e-79
1.39349e-85
1.13581e-84
1.34675e-54
7.34848e-90
1.42315e-88
2.48806e-19
0
8.15638e-53
1.5356e-55
1.16562e-53
0
2.82193e-16
0
0
0
4.26014e-35
7.87834e-58
3.72704e-87
0
0
0
0
3.14504e-92
6.21993e-91
0
8.43266e-119
4.10138e-56
5.96728e-55
1.48588e-40
0
0
0
2.48006e-84
0
0
0
1.48928e-92
1.25339e-91
1.14992e-91
9.09359e-91
9.38567e-91
3.96464e-90
0
0
0
0
0
0
0
0
3.00129e-79
5.60292e-79
3.80958e-78
9.45178e-93
0
6.09048e-92
1.24345e-74
0.000455201
0
0
1.52281e-59
0
2.0369e-88
0
4.0062e-53
2.90415e-54
6.7499e-54
4.67427e-56
4.94841e-55
0
2.60362e-116
2.68481e-116
3.54817e-115
0
1.26189e-114
6.31284e-113
1.49782e-89
0
0
0
8.54228e-74
9.7737e-85
9.99964e-66
8.16624e-89
2.20978e-90
2.46648e-85
3.27083e-84
1.79692e-83
2.75462e-85
0
0
3.4524e-84
1.53799e-83
3.74778e-85
0
0
6.48764e-112
2.25471e-111
2.2658e-110
0
0
5.54179e-116
3.20387e-113
0.00126651
1.71917e-48
2.20184e-48
0
3.00707e-44
0
1.81156e-116
2.35904e-115
1.23825e-94
1.71361e-76
2.84655e-76
0
6.88252e-117
6.24483e-92
1.13414e-90
9.09931e-91
3.36545e-52
6.66368e-76
2.75886e-101
6.07351e-94
7.70372e-93
9.08302e-93
8.92316e-92
0
0
0
0
9.1872e-91
0
0
0
7.10425e-95
1.82394e-93
0
0
1.89027e-74
0
0
6.79366e-48
5.50364e-49
1.90529e-49
0
3.94195e-36
0.00145956
1.74233e-86
2.2735e-31
0
2.45751e-66
1.06632e-64
8.15703e-73
3.23271e-67
0
0
1.15454e-34
1.94074e-34
9.39292e-66
5.90312e-67
2.68753e-103
7.58137e-103
2.19864e-102
1.30456e-84
1.00757e-73
3.11303e-71
4.16407e-70
1.82335e-69
9.8023e-54
0
0
0
6.72681e-90
0
1.82399
2.15346
3.07808
1.36696e-121
0
0
0
1.11333e-117
0
3.34807e-117
1.06813e-95
0
1.4371e-15
0
0
0
0
1.76546e-73
4.27854e-70
2.27245e-70
0
0
0
1.90699e-78
1.79178e-33
2.37994e-42
3.07541e-34
0
0
0
6.26753e-86
3.7522e-85
1.71388e-84
1.06028e-61
8.16184e-63
0
0.000261183
0
0
0
4.80991e-60
0
0
0
0
0
0
2.78456e-12
7.30319e-15
0
0
0
2.92873e-59
4.0079e-59
1.50947e-59
0
4.53107e-70
9.28451e-71
0.0389272
0
0
0
5.64459e-94
2.9106e-93
4.62883e-92
3.073e-95
1.1011e-16
1.74536e-64
1.86702e-77
0
1.85688e-75
5.59214e-77
1.15435e-75
0
6.26574e-77
0
1.74718e-70
3.39852e-74
0
0
0
2.79513e-72
6.33941e-76
7.0425e-64
7.83451e-63
3.76735e-63
8.51183e-110
0
0
3.25959e-86
0
8.7061e-117
3.82424e-78
8.76927e-77
0
5.20777e-89
8.75597e-88
2.91014e-89
3.82817e-87
1.06484e-86
5.28032e-86
5.90838e-86
8.26807e-91
5.617e-86
0
2.50153e-34
0
0
6.34154e-81
0
0
0
1.42187e-83
0
0
3.00419e-48
0
2.63984e-49
0
0
0
0
2.38396e-41
1.44823e-40
0
4.14249e-61
4.96346e-61
2.45686e-62
1.63608e-63
2.10234e-49
0
0
0
5.80528e-55
2.7208e-54
4.78187e-59
1.103e-73
3.9119e-91
4.20182e-24
2.73876e-89
6.6646e-88
6.62143e-86
5.90921e-87
0
1.09693e-85
1.72731e-84
7.91596
6.91479
4.67933
0
1.99909e-64
0
0
4.57846e-48
2.3774e-47
2.2412e-46
1.16497e-46
1.12151e-45
5.38475e-46
5.35165e-47
2.45831e-48
1.18051e-47
5.19572e-48
2.18176e-47
3.84648e-68
0
0
0
1.24827e-69
1.0627e-55
0
2.75137e-54
1.02953e-27
0
1.36871e-29
0
1.08505e-27
0
0
0
0
0
0
1.30813e-43
0
7.74154e-41
1.68746e-40
0
6.8379e-104
6.94404e-85
2.49034e-85
0
0
7.81529e-85
0
1.38474e-64
1.33516e-31
4.01994e-33
0
2.47002e-83
0
0
3.61336
0
0
0
0
0
0
0
6.53453e-100
1.07278e-98
0
4.98547e-87
0
6.19512e-97
0
0
2.07233e-108
0
0
4.27411e-112
0
0
0
1.2333e-81
0
2.56114e-80
0
1.7821e-100
0
0
0
3.00418e-106
3.70191e-108
1.48841e-106
0
0
4.77321e-114
0
0
0
6.47235e-74
0
1.41624e-100
0
0
0
0
6.5083e-63
5.82356e-63
5.33646e-62
4.42659e-62
4.21856e-61
4.59041e-61
3.21889e-61
0
0
1.82107e-75
0
0
0
0
1.69233e-98
0
1.91662e-75
3.60793e-75
5.8128e-74
3.32947e-74
0
0
0
0
0
0
4.36531e-111
1.60459e-110
5.94586e-93
8.85717e-40
5.66334e-77
2.29226e-76
1.22381e-18
0
0
3.07978e-114
6.1686e-30
7.98762e-30
0
0
1.94835e-95
0
0
1.54709e-88
0
4.07842e-87
0
0
0
4.64535e-90
0
8.92559e-88
0
0
0
0
0
2.52922e-82
0
3.25928e-64
5.64626e-102
5.81423e-101
1.07739e-81
8.86772e-81
0
1.6055e-86
9.5671e-88
1.94638e-87
0
0
1.30005e-30
2.66675e-77
1.20739e-77
5.52453e-18
1.59755e-85
1.65485e-51
2.38763e-50
1.75339e-35
0
1.24201e-44
0
5.14678e-42
3.49351e-41
0
8.4151e-07
1.99748e-07
2.6107e-06
0
0
0
0
4.90458e-49
0
0
0
0
0
0
0
0
8.67059e-69
4.05162e-71
4.90173e-72
6.18381e-45
8.96736e-67
4.38994e-89
0
0
0
6.8137e-26
0
8.66936e-17
1.48565e-32
8.99502e-33
7.98675e-32
8.68051e-69
4.02987e-64
1.41755e-82
0
0
0
6.86527e-46
0.0549793
0
0
0
0
0
0
0
0
2.94226e-64
2.16611e-91
1.32662e-38
9.61084e-19
3.74942e-53
0
1.39847e-55
2.06475e-90
2.95134e-88
0
0
0
3.67625e-58
2.73192e-70
7.54907e-78
1.57203e-33
0
4.71839e-86
1.19603e-81
2.96738e-80
2.97098e-82
0
6.44971e-42
1.27603e-73
9.07133e-118
0
0
6.01012e-105
1.1737e-105
6.2764e-105
0
0
1.5252e-100
0
9.56768e-99
0
4.13427e-81
0
0
0
2.28895e-71
2.31094e-71
1.75808
1.57576
1.02615
0.7031
0.951004
1.39468e-65
1.31315e-36
4.35593e-36
0.419694
9.62922e-60
9.88023e-112
6.5868e-60
8.93543e-59
0
2.18253
0.353466
2.84437e-23
3.22062e-58
1.18289e-57
3.97491e-58
1.09333e-122
9.52025e-122
1.11911e-121
7.23272e-99
0
0
0
0
2.83072e-58
7.7492e-81
1.07588e-79
3.70361e-80
1.62145e-78
0
0
0
0
0
0
0
5.66812e-32
0
0
7.51912e-31
4.83602e-49
9.47172e-119
0
9.58489e-118
2.01723e-69
5.35277e-58
3.2194e-54
1.80712e-54
1.81421e-53
0
0
1.56826e-71
0
3.29238e-62
0
3.74693e-62
0
0
0
2.76317e-75
1.00441e-73
2.28973e-86
0
0
2.14511e-87
0
0
8.22748e-47
0
3.79611e-77
0
0
4.19401e-80
7.56519e-81
9.86238e-86
2.39979e-135
7.02025e-81
0
2.56908e-43
3.82735
3.87456e-57
7.30922e-18
1.65059e-18
8.96614e-20
7.58294e-46
6.27093e-79
1.5578e-78
0
1.22992e-80
0
0
0
0
4.64562e-80
0
1.24708e-106
4.94716e-104
1.54576e-79
2.45473e-78
0
4.32765e-48
3.63867e-84
5.74533e-77
3.29064e-90
1.12823e-90
9.59144e-90
0
0
2.60528e-99
0
1.06977e-93
0
0
1.94993e-96
1.33716e-100
1.34485e-25
1.30946e-60
0
0
0
0
7.45844e-84
4.41719e-83
2.0795e-59
3.53639e-61
0
6.84834e-19
0
0
0
0
1.28227e-25
4.37514e-70
7.39492e-49
2.09115e-96
2.81433e-80
1.2954e-19
1.02766e-58
3.48014e-59
3.35007e-87
1.65785e-85
0
0
0
0
1.82857e-69
8.10805e-40
1.08383e-88
0
0
0
0
4.05627e-28
6.47248e-29
0
8.04586e-60
1.11769e-72
1.15836e-72
3.82516e-74
1.21837e-73
0
5.14521e-52
3.23934e-52
1.66633e-92
3.27666e-71
1.72916e-69
1.80859e-68
4.75846e-05
0
1.09903e-80
2.12288e-59
0
0
0
0
0
1.50673e-30
0
0
3.53951e-09
1.42597e-75
3.75832e-53
1.07779
5.45537
0
8.80041e-59
1.34438e-51
4.30805e-51
0
0
1.81461e-51
0
2.06039e-31
0
0
0
1.822e-48
2.34702e-49
1.47528e-51
1.32361e-52
0
0
0.00244786
0.00679462
0.00783513
0.00348005
2.66526e-89
0
3.18142e-76
2.55371e-20
8.44454e-20
2.56534e-20
3.70664e-20
1.48913e-20
0
0
1.21967e-18
4.32354e-56
2.51951e-38
1.11706e-75
1.9894e-24
7.61149e-25
3.50929e-26
1.53074e-19
0
0
2.59597e-27
7.8738e-27
2.49229e-27
2.18024e-26
2.11326e-26
6.24249e-27
2.77205e-28
6.68873e-28
7.10158e-29
1.51351e-28
2.87448e-28
2.51441e-53
3.51766e-52
0
0
3.5928e-17
1.52806e-17
3.26945e-17
5.33572e-19
1.83113e-18
7.9565e-17
1.00524e-60
3.74401e-61
0
5.06785e-44
3.6531e-75
4.4582e-76
0
0
3.10471e-80
0
0
0
5.97404e-57
0
9.44967e-51
3.69273e-25
0
1.67166e-07
2.58138e-06
1.59573e-95
0
9.94949e-44
0
0
8.77825e-08
0
0
0
0
0
6.30575e-10
1.00752e-80
0
0
0
2.93817e-29
1.69697e-56
1.3352e-55
2.294e-43
0
0
2.41571e-23
0
3.06574e-24
7.61254e-65
0
1.7254e-87
1.81608e-47
7.24045e-28
0
5.33974e-60
7.13092e-76
0
0
0
0
2.47199e-28
0
0
0
0
4.24499e-33
0
8.39208e-35
1.07518e-35
0
0
0.223547
6.18098e-47
0
3.90765e-84
0
7.03537e-27
1.50964e-87
0
4.90824e-68
0
3.64879e-40
1.52347e-39
5.16617e-63
1.44135e-67
2.07952e-51
1.215e-50
0
0
0
0
2.59598e-57
4.12508e-58
2.46666e-82
0
1.6244e-70
0
0
2.29393e-68
0
0
0
7.52247e-07
0
1.87223e-94
6.68142e-73
6.73709e-74
0
9.94393e-48
6.59397e-49
0
1.30279e-56
8.63045e-36
0.00714992
2.40418
4.46349
5.88895
5.10335
0.05678
6.44022e-48
2.39458e-46
0
0
1.81779e-50
6.37493e-24
1.09643e-67
7.97872e-67
1.2182e-42
8.32142e-14
1.62161e-39
1.4618e-31
6.26393e-18
0
0
0
0
0
5.79833e-17
1.5644e-17
1.27473e-17
0
0
3.93943e-21
7.23735e-22
1.65516e-47
7.73033
2.70466e-90
5.79959e-83
1.42357e-75
3.94085e-74
1.34486e-74
7.1257e-77
0
5.98225e-76
2.71006e-75
0.000306901
2.2144e-80
1.03462e-70
2.09016e-49
0
0
0
0
0
0
0
1.43436e-53
3.39778e-76
3.84063e-76
1.0786e-79
0
0
0
3.69772e-52
0.0534416
0.0334742
0.022957
0
0
0
0
0
9.15368e-49
7.09777e-19
0
1.22004e-75
6.62939e-09
3.70895e-09
0
0.00346341
4.69925e-108
3.50011e-39
2.07145e-38
1.33822e-66
3.8648e-15
0
0
2.41568e-84
0
0
1.31431e-72
0
1.87172e-67
5.91558e-59
0
0
0
0
3.99018e-07
4.22802e-31
2.362e-37
2.97495e-64
8.6198e-63
0
0.000147698
6.5957e-79
2.97325e-62
0
3.95038e-40
0
0
0
9.1414e-73
3.61032e-66
2.05682e-67
1.50094e-69
5.09253e-38
4.69902e-66
0
2.35011e-51
8.35461e-54
2.0577e-45
6.39573e-103
0
4.31845e-62
6.11373e-126
2.48948e-102
1.56114e-65
3.45228e-64
8.07255e-29
5.53474e-39
6.91895e-47
0
0
0
3.78843e-46
0
0
3.59016e-37
1.80356e-23
4.03222e-55
1.26318e-36
3.70227e-36
1.03178e-37
0
2.55409e-62
1.03473e-104
8.16499e-09
4.7681e-63
4.73223e-65
3.58807e-66
1.5594e-68
1.28354e-67
2.45351e-23
0
1.51213e-18
0
0
7.91702e-53
6.34826e-75
0
0
4.29165e-42
1.45042e-42
1.0219e-42
3.77869e-43
1.298e-43
4.56938e-43
0
0
0
9.2963e-50
3.21902e-46
7.06923e-08
8.93914e-51
0
1.89675e-41
0
1.57641e-50
2.33892e-46
8.45001e-58
5.89986e-19
1.56498e-19
0
0
1.41279e-53
0
8.94354e-52
0
0
5.35415e-34
4.45502e-35
0
7.59152e-40
0
3.16775e-49
5.4132e-22
3.78635e-18
1.73352e-17
0
0
0
4.90168e-51
0
3.86857e-45
0
0
0
0
6.94227e-32
0
3.5272e-17
7.75974e-54
6.39668e-22
8.43592e-60
0
1.41072e-33
2.1357e-43
0
5.21742e-40
0
4.56461e-58
0
0
8.14547e-11
9.54624e-17
0
0
9.01773e-25
5.89303e-26
1.13011e-56
3.2596e-44
8.06404e-49
1.38297e-38
0
6.90488e-28
3.26999e-27
3.25106e-10
5.54271e-08
2.53605e-44
0
0.0279191
7.94129e-66
4.85831e-57
0
0
0
0
3.12112e-93
2.27063e-22
0
0
6.56746e-53
2.42677e-54
0
1.08481e-19
1.50482e-20
0
5.05684e-51
8.33179e-06
0
1.34888e-11
0
1.9114e-55
3.0816e-44
0
2.84067e-35
7.47818e-36
3.44878e-34
5.641e-79
0
2.38176e-72
0
0
1.17242e-32
0.938974
0
0
1.13609e-62
0
6.71841e-35
2.24349e-34
1.16655e-51
2.18778e-47
6.05682e-21
3.93248e-05
1.48513e-67
0
0
2.89666e-59
1.20012e-31
0
0
0
0
1.24907e-125
0
2.34672e-48
3.83974e-63
1.08582e-64
1.85405e-08
1.74723e-09
7.04718e-10
2.0669e-53
1.4204e-36
1.97827e-36
1.8825e-60
1.40079e-72
1.19458e-73
0
0
0
0
2.01678e-34
2.18103e-35
0
0
0
2.99818e-41
2.89893e-51
2.79984e-39
7.50416e-47
0
0
0
0
0
4.05005e-51
0
0
7.91475e-100
0
1.67835e-35
2.39215e-35
2.28855e-36
1.06298e-07
0
9.49309e-25
0
6.57329e-20
1.87081e-23
1.63989e-63
0
0
5.68515e-54
1.46031e-54
0
1.93864e-43
1.03496e-42
0
2.41819e-10
0
3.2745e-22
8.74881e-14
3.26885e-51
2.08288e-31
0
0
4.77662e-81
0
0
0
1.99414e-28
2.37867e-26
0
1.10175e-24
9.50338e-24
2.27324e-25
1.29767e-34
0
4.66846e-22
0
0
2.16987e-21
2.14907e-51
0
8.24009e-32
1.36701e-47
0
0
0
4.93079e-49
1.78525e-102
5.75708e-13
8.85265e-13
7.61124e-24
1.34355e-48
0
1.37812e-27
0
0
5.17901e-89
7.36224e-26
4.81461
9.03096e-41
0
0
4.96225e-32
0
1.58446e-50
3.68173e-80
0
3.00537e-29
1.05231e-46
0
6.8725e-16
6.65189e-24
1.13336e-22
0
0
0
9.78384e-27
9.80342e-54
3.81469e-46
1.04642e-46
4.02716e-46
0
0
3.47602e-29
0
0.000103705
0
1.17439e-14
5.53346e-30
5.17693e-21
1.89232e-55
0
0
0
0
0
1.48667e-77
0
0
0
0
1.84892e-67
2.7138e-23
3.88042e-43
0
0
3.60497e-53
2.47634e-54
4.34832e-54
6.43345e-53
4.86638e-57
1.93676e-31
5.00172e-40
2.36363e-41
5.23838e-05
0
6.24251e-50
1.6317e-06
0
0
1.0516e-32
4.44024e-33
1.45021e-47
1.64907e-68
2.3981e-63
2.89395e-50
0
0
2.30766e-30
0
0
0
9.8035e-22
1.95538e-65
1.31758e-47
1.86205e-63
1.18931e-46
1.78747e-65
0
5.73675e-102
4.80196e-101
0.0747789
5.99077e-49
1.67459e-65
3.10737e-65
4.40877e-12
3.3258e-12
2.19876e-79
1.77832e-94
0
4.99205e-18
8.65913e-26
5.14948e-27
5.62152e-06
7.38909e-20
1.02641e-38
5.87665e-39
0.00546298
6.05939e-83
3.69358e-17
0
0
0
4.15519e-23
1.20174e-26
1.04208e-12
1.76503e-31
1.96175e-59
1.00463e-105
0.0133203
1.67924e-13
5.15083e-60
8.96949e-62
0
0
0
0
0
0
2.56743e-19
3.58965e-18
4.49655e-65
9.03886e-73
1.75618e-72
9.09348e-38
0
0
0
0
0
1.38062e-06
0
6.86279e-34
0
0
0
8.06822e-32
2.92679e-44
2.61167e-94
6.41521e-26
0
5.95092e-50
0
3.04311e-22
9.97232e-65
0
6.9349e-81
0
2.89849e-68
7.00982e-41
2.79182e-36
0
4.75517e-53
6.42095e-54
2.83107e-55
0
1.78645e-36
1.07385e-36
0
7.75635e-33
0
0
0
0
3.83242e-62
3.04697e-61
0
1.20984e-22
6.7617e-23
0
2.48743e-80
0
0
0
1.65431e-60
8.66326e-44
0
0
2.61714e-27
0.0042367
0
0
2.2014e-77
1.03983e-53
4.22411e-80
0
9.69544e-43
0
0.000103163
6.01758e-35
0
0
3.92963e-58
3.85892e-43
1.1908e-101
8.78825e-91
0
0
0
2.31094e-28
0
4.1477e-38
4.92091e-26
1.19255e-75
0
5.76411e-38
1.81813e-37
3.93979e-08
8.8151e-26
3.42095e-22
0
4.67919e-80
4.25734e-35
4.01625e-87
0
0
0
1.01982e-53
3.05344e-54
1.23095e-87
3.85814e-23
0
1.02684e-24
2.485e-44
3.16944e-70
1.01872e-17
0
2.39504e-63
0
0.000123006
6.58411e-38
1.89099e-56
3.81528e-85
2.53045e-39
0
4.40061e-59
1.12011e-66
0
5.53152e-34
1.43689e-73
0
4.21148e-66
0
0
0
1.07309e-62
0
0
0
0.0563267
2.83001e-34
0
0
0
2.21334e-61
0
2.03659e-88
8.95743e-20
0
1.86417e-42
0.000786481
1.69264e-42
1.43334e-26
8.54726e-27
0
0
3.49015e-61
2.53122e-15
2.86314e-20
2.38178e-13
0
0
3.97052e-67
2.18127e-24
0
2.60266e-16
9.71348e-06
5.24355e-38
2.00741e-69
2.3723e-05
0
0
2.44044e-50
5.00571e-51
0
0
1.62124e-29
0
2.18381e-62
1.25699e-21
1.38715e-32
7.80442e-69
4.03491e-70
7.67703e-83
2.76629e-30
0
1.61401e-65
0
0
0
4.47198e-25
7.04755e-26
1.1385e-43
1.20782e-15
0
3.3348e-41
1.04549e-87
0
0
6.74705e-35
9.77364e-36
3.31679e-29
3.45797e-30
6.29709e-44
0
6.21295e-80
2.98048e-85
6.59788e-42
1.48687e-61
6.38671e-11
1.59955e-38
0
0
0
5.80195e-39
3.10453e-41
0.000973676
1.02003e-17
6.02293e-13
9.42877e-72
2.66119e-41
0
2.47414e-91
3.7283e-23
0
0
0
2.57801e-62
0
0
0
3.56963e-18
1.96759
1.97193e-100
7.99777e-19
2.96546e-59
6.8674e-42
4.70106e-16
1.2341e-36
0
0
0
1.1076e-52
1.21776e-51
0
1.75617e-36
3.99964e-119
6.21765e-118
5.7772e-37
0
2.51132e-25
3.34921e-55
0
1.02638e-87
6.48544e-89
1.97595e-49
0
6.91889
0
2.99417e-58
0
2.6424e-05
7.01498e-70
0
0.00768762
2.27896e-18
0
1.102e-19
6.6883e-86
8.05388e-69
0
8.71449e-73
1.11226e-27
4.95164e-84
2.55618e-63
0
5.89279e-43
3.77199e-73
2.22713e-16
8.8524e-25
4.63204e-36
0
0
2.4503e-15
2.14387e-10
0
3.13507e-26
0
0
4.25796e-86
0
4.25321e-27
0
9.16404e-30
5.70002e-57
5.63393e-58
9.49564e-58
0
0
0
1.42543e-81
2.03505e-41
0
1.55191e-57
4.15218e-83
0
0
0.243012
2.04744e-36
1.3e-30
5.98411e-61
4.67456e-53
3.9638e-63
9.62634e-64
5.07336e-124
2.92628e-122
0
2.42801e-64
0
0
2.36041e-66
4.60711e-90
1.85284e-14
0
0.0143874
6.5581e-72
5.21561e-18
0
0
3.75701e-28
0
0
5.19727e-75
0
7.14991e-30
1.33037e-33
1.19732e-24
5.21398e-73
3.24452e-18
1.3667e-21
3.16457e-68
7.87675e-68
3.87241e-54
1.17683e-70
0
1.61867e-12
3.06445e-24
0
5.57579e-58
1.23367e-16
5.57175e-42
0
0
1.97312e-99
1.92472e-59
2.91168e-85
4.49771e-18
1.27601e-78
1.5191e-41
1.39099e-40
0
0
1.77056e-25
5.33015e-84
1.23284e-61
0
0
0
1.41188e-83
2.87643e-74
0
8.57912e-24
1.15909e-63
6.53967e-21
2.94141e-53
5.19758e-62
2.07206e-59
0
0.357054
0
2.51489e-76
1.30014e-99
1.8039e-71
1.40903e-67
4.87907e-50
1.67696e-73
2.63469e-26
0
3.21442e-74
7.25978e-70
2.744e-36
3.29489e-72
0
0
3.46779e-83
5.95078e-13
6.93979e-28
1.21852e-24
4.30748e-62
1.01472e-46
3.50601e-20
0
0
0
0
1.153e-37
2.0296e-103
0
0
8.55253e-26
0.008764
0
5.07695e-88
2.90122e-70
2.19756e-76
1.60949e-80
0
2.99341e-06
0
3.88962e-74
3.31483e-59
0
2.98902e-71
7.37777e-80
0
1.59487e-73
1.79323e-42
0
0
7.46325e-55
0
0
0
0
2.5278e-41
2.44304e-65
0
0
0
0
0
6.08325e-35
0
0
8.49777e-69
0
0
1.04265e-43
1.88326e-52
1.69595e-70
1.54928e-59
2.27635e-63
1.96761e-73
0
6.48456e-41
1.25881e-86
1.46417e-72
0
4.15713e-44
0.887413
2.78004e-46
4.0374e-61
4.41843e-82
0.000142926
0
1.87661e-25
6.23587e-82
2.9296e-74
0
0
0
9.73887e-88
2.72933e-113
1.85057e-08
5.50767e-20
2.96642e-69
1.42121e-95
1.01288e-83
0
8.77704e-72
0
2.67495e-65
9.71532e-29
0
0
4.36439e-85
2.67067e-113
2.94315e-72
0
2.22195e-66
5.19359e-17
0
0
0
0
0
0
0
4.58377e-99
1.35936e-27
0
0
2.88073e-52
0
7.48216e-41
1.6057e-66
5.95888e-104
7.88434e-69
0
2.17841e-51
6.04807e-80
0
2.44139e-56
1.89863e-70
2.05805e-106
3.56086e-54
4.12945e-76
1.00333e-72
1.11889e-79
2.1408e-82
5.00676e-29
1.30605e-13
3.06043e-129
4.40503e-48
0
2.15926e-85
1.49035e-61
0
3.49887e-58
2.94503e-21
3.38457e-116
0
0
0
0
7.9542e-18
0
6.25024e-64
0.00826267
3.60192e-22
1.40891e-75
0
3.15519e-50
8.60206e-39
5.57755e-84
0
0
0
0
9.28854e-37
1.14147e-33
1.63826e-48
1.56311e-78
3.56912e-62
0
0
3.55277e-11
0
0
0
0
3.52589e-75
0
1.17602e-80
7.00159e-72
0
0
0
3.88609e-42
0
1.82547e-47
0
2.29181e-108
1.02164e-64
7.22538e-23
0
1.00972e-91
9.54514e-100
0
0
5.04369e-120
3.07292e-65
0
9.48799e-97
1.39577e-39
8.68642e-77
3.30221e-20
1.41641e-57
2.74375e-81
9.55653e-83
0
0
0
7.59794e-63
0
2.57162e-86
0
2.93859e-07
1.25001e-28
1.58601e-54
1.6354e-63
0
0
0
2.70283e-105
4.68493e-36
0
0.0371683
0
0
3.70467e-52
9.25108e-05
0
0
0
0.0288227
0
0
7.36301e-54
3.60244e-86
6.87883e-34
0
5.79505e-84
0
0
1.79762e-46
0
7.9301e-42
0
0
0
0
0
4.05366e-18
0
0
2.06911e-62
0
3.68201e-82
1.51294e-28
0
1.48786e-94
4.93303e-14
8.50943e-90
1.75751e-67
4.1643e-79
1.76501e-72
0
3.16808e-19
1.00046e-54
7.87808e-14
2.55533e-81
9.15184e-88
0
1.08781e-54
0
0
1.18496e-79
5.2547e-26
0
5.8908e-70
0
3.14843e-77
0
6.59666e-20
0
0
0
1.38731e-82
0
1.62456e-80
6.40634e-96
6.40393e-95
1.43145e-68
6.04292e-55
1.81598e-89
0
0
6.15188e-69
1.17274e-41
0
6.04802e-57
4.3813
0
0
2.54954e-19
0
4.58029e-83
7.51342e-56
0
1.78216e-44
1.15713e-74
0
0
0
1.63289e-123
7.94802e-36
0
0
4.40027e-54
2.94675e-66
0
3.52262e-35
1.33392e-13
6.76595e-69
1.11619e-58
5.18401e-106
0
0
8.54883e-19
1.43938e-72
3.06707e-20
0
8.34484e-124
0
0
8.13499e-85
2.21648e-78
0
1.97612e-79
0.0108838
0
0.283091
0
0.15048
6.51276
0
0
0
0
1.91134e-58
1.60958e-20
1.10951e-46
0
0
0
0
0
0
0
0
4.67133e-09
1.98217e-57
4.68523e-16
2.86962e-30
1.77697e-52
0
0
0
0
0
0
1.24997e-73
6.33744e-114
3.77107e-34
4.84518e-99
0
1.56693e-34
5.2219e-75
9.16949e-57
0
0
0
0
7.89883e-77
7.40461e-80
0
1.34574e-73
1.3866e-14
8.79146e-48
1.89909e-75
1.23076e-72
2.03745e-51
4.26334e-106
0
1.12288e-20
1.57033e-13
0
5.25631e-73
4.01311e-83
0
2.03258e-64
3.11267e-65
0
0
1.71048e-36
0
0
1.77935e-108
4.09817e-78
3.39922e-80
2.69158e-68
2.00264e-97
3.29503e-83
0
0
2.85824e-89
1.84748e-47
4.81882e-16
5.95968e-99
0
2.7047e-60
1.08704e-77
0
9.85728e-66
1.4219e-13
1.21631e-91
0
6.69648e-27
1.72913e-105
0.0277002
1.93451e-59
0
0.794838
7.57398e-73
1.57309e-78
3.75159e-56
0
6.01567e-125
0
1.4143e-19
0
0
0
1.44905e-19
0
0
1.42505e-80
0
0
0.00211094
8.31156e-105
0
7.67066e-48
0
0
0
0
0
1.16352e-19
9.16207e-128
0
0
2.78332
9.61835e-67
5.86646e-37
1.11163e-44
6.97585e-99
0
0
0
6.55913e-77
8.00869e-40
1.38775e-38
0
0
0
1.36696e-22
5.48652e-75
0
0
8.82044e-57
7.34396e-58
0
0
0.0712763
0
0
0
1.28354e-83
0
0
0
6.83748e-81
0.321961
0
1.08857e-32
2.06029e-74
4.20992e-41
0
0.0921718
4.75789e-77
0
7.03709e-10
0
0
0
1.92512e-28
0
0
0
1.77397e-36
0.101246
7.21149e-59
2.34588e-65
0
0
0
1.18298e-113
8.01605e-55
0
6.85407e-106
3.04821e-16
4.68345e-18
2.45501e-90
2.3603e-74
3.276e-10
6.75317e-87
1.5694e-75
1.00048e-14
0
1.68222e-18
1.53827e-51
3.43493e-82
3.30419e-78
2.42041e-10
9.45074e-48
0
5.16036e-80
2.10065e-26
2.07674e-70
8.94193e-84
8.34964e-40
6.12163e-19
8.04313e-68
3.33402e-78
0
4.76293e-83
1.05871e-95
9.06138e-75
0
5.24853e-79
1.29155e-80
4.68582e-85
4.76199e-71
4.77118e-71
1.81898e-84
0
4.51225e-58
0
7.20412e-101
0
9.09384e-36
0
9.95082e-16
0
0
5.17135e-41
0
0.162911
0
8.58712e-07
0
2.16894e-85
2.97884e-58
3.64661e-23
0
0
0
9.32039e-88
1.11428e-30
0
4.43528e-94
0
3.4382e-56
0
1.52137e-77
3.92069e-78
0
1.42669e-63
6.34145e-72
0
0
8.59551e-90
5.02026e-87
3.46863e-26
5.61712e-78
0
0
5.17104e-121
1.01172e-54
1.73152e-20
0.00320547
1.04898e-10
0
2.12791e-20
2.35205e-22
0
0
0
0
1.4074e-27
7.28917e-54
1.77615e-17
0
7.21844e-30
0
9.23988e-23
0
0.554501
0
0
7.19174e-27
6.74182e-48
2.03054e-88
3.98341e-112
4.79978e-107
7.394e-106
0
0
1.61277e-12
3.11756e-61
0
8.38381e-57
0
6.28288e-75
0
0
2.55588e-42
0
2.72269e-29
4.91515e-42
9.30388e-72
0
0
0
2.64399e-32
9.56074e-96
9.17694e-21
0
0
1.65583e-44
0
3.61146e-98
6.57047e-22
3.42482e-10
0
2.15035e-62
2.32237e-97
1.84673e-79
0
1.58601e-69
0
2.94331e-21
1.58028e-107
8.73343e-111
0
0
0
0
2.43079e-100
0
4.45414e-48
0
0
9.46139e-54
0
5.43726e-59
7.9649
2.88633e-80
3.85988e-79
5.27577e-61
3.24667e-33
2.67295e-76
1.27791
4.9796e-97
8.05439e-62
0
0
1.01703e-14
1.42297e-42
1.56127e-107
3.20612e-32
6.88069e-62
6.3926e-125
0
1.17706e-85
4.93282e-112
2.40846e-68
0
0
1.32951e-109
1.00519e-49
1.36669e-48
4.50091e-18
5.72051e-75
0
1.25023e-66
3.43825e-79
1.11684e-55
1.32153e-78
9.92434e-84
0
2.60184e-48
1.87506e-79
0
9.512e-99
8.44951e-60
1.9686e-43
0
1.77549e-76
0
2.0688e-41
1.83971e-79
0
2.26783e-109
2.14505e-17
0
4.92895e-74
0
7.16785e-104
1.25768e-36
1.06861e-78
2.18623e-38
0
8.01792e-65
7.1434e-76
2.5838e-64
4.99086e-98
0
3.16074e-27
3.29106e-09
6.11592e-86
0.499439
9.5849e-59
3.40436e-75
6.35086e-80
4.34754e-36
0
0
1.28923e-45
5.69165e-55
0
0
1.04691e-73
4.99787e-71
0
0
0
0
6.4217e-33
2.84859e-18
0
0
0
0
2.63077e-88
4.96141e-67
9.86716e-19
1.86914e-08
0
3.6707e-20
0
4.26199e-89
7.64506e-50
0
0
6.30585e-08
2.7654e-45
8.86515e-66
0
1.28936e-85
2.54878e-70
2.08668e-76
0
2.74979e-80
4.34612e-61
0
1.76064e-36
0
1.84712e-68
1.36472e-78
3.94213e-82
3.40077e-78
0
0
5.97292e-21
0.0328845
9.76028e-45
0
2.86598e-49
2.88505e-80
2.80533e-75
2.33069e-78
0
3.03743e-82
5.86526e-80
2.82099e-66
1.15886
0
0
0.00932228
3.36531e-23
1.64195e-67
0
1.36834e-18
2.72136e-88
1.16302e-18
0
1.74382e-97
1.73339e-71
1.41385e-69
1.89518e-101
0
0
0
5.90348e-63
1.53416
3.80089e-82
3.23759e-84
6.77975e-65
5.58428e-72
0
4.82187e-51
7.77727e-79
5.0671
8.87805e-101
0
1.16192e-49
0
4.1017e-65
9.80008e-111
1.50126e-58
1.28104e-81
1.59279e-108
0
4.39862e-41
5.25792e-65
7.95757e-65
9.54066e-42
0
4.85249e-64
2.26665e-81
7.65737e-102
0
1.13956e-56
1.29401e-60
0
1.23577e-63
3.16172e-08
0
7.65831e-120
0
0
1.35646e-74
5.99343e-77
1.38195e-62
0
4.95806e-16
0
7.51958e-115
1.45206e-65
4.268
8.4229e-54
5.50676e-10
2.77586e-62
8.72681e-64
7.56674e-82
0
2.51203e-63
9.36804e-52
0
1.02132e-78
1.3566e-62
0
0
0
0
0.137089
0
2.50201e-74
1.17666e-68
2.52103e-15
0
0
1.11074e-62
0
0
6.83676e-85
0
0
9.2732e-76
0
1.35627e-67
7.69052e-122
3.21123
0
5.08609e-116
1.22359e-63
3.24535e-18
0
7.44132e-56
0
0
1.37187e-81
0
0
0.0395551
1.84228e-79
0
6.97704e-116
0
0
1.43468e-63
7.52969e-99
0
3.1082
0
9.20735e-43
0
0
4.6997e-06
7.9958e-120
7.04226e-16
4.40681e-119
4.3759e-50
1.42968e-90
4.34381e-78
0
1.04866e-16
0
0
1.51464e-15
1.53744e-50
2.251e-59
0
0
1.78644e-62
3.31983e-49
2.07905e-65
0
0
0
2.72053e-98
7.38755e-16
0
3.10349e-97
9.89086e-76
0
0
0
6.72854e-67
2.45494e-60
2.33722e-86
0
1.0921e-32
0
1.33491e-14
2.94799e-76
1.04603e-53
3.03053e-89
4.22026e-14
0
3.5331e-72
4.29055e-124
2.86436e-59
2.71614e-73
1.9903e-13
1.44993e-91
2.95386e-61
0
2.56073e-80
1.0047e-15
0
2.94471e-40
0
2.77967e-79
0.81889
8.35936e-16
8.53021e-67
2.62816e-55
0.0327495
0
2.9731e-60
6.84394e-68
3.41926e-76
2.51732e-74
0
0
5.96132e-72
0.0518525
6.03272e-55
0
0
8.83353e-51
8.52539e-54
0
6.1742e-50
5.16628e-109
2.56956e-59
1.28804e-57
0.493245
0
2.43499e-55
0.014603
1.94813e-75
1.3695e-37
0
0
0
4.24842e-16
4.25906e-70
9.9483e-82
0
2.21524e-49
2.89093e-55
3.32719e-90
0
0
2.03428e-48
0
6.87774e-71
8.2974e-96
4.69375e-57
2.03703e-91
0
1.93748e-58
0
0
3.83364e-85
8.83732e-24
2.39969e-22
0
7.10315e-49
1.01513e-21
1.23197e-21
3.1565e-92
2.2462e-12
1.98354
4.45084e-55
3.20758e-60
3.85348e-108
0
1.34455e-70
2.93974e-80
1.85503e-56
1.1451e-16
0
1.98837e-84
0
0
0
1.94185e-72
1.67869e-91
4.34935e-41
1.39367e-77
5.94322e-32
3.44732
3.26094e-31
1.15343e-78
1.47547e-77
1.64873e-59
1.04724e-76
0
0
8.15731e-72
0
1.0635e-57
1.32053e-72
0
1.25166e-103
0
0
2.70723e-86
1.45767e-59
2.9243e-18
3.57536e-79
2.61813e-05
0
0
0.149075
3.19171e-59
2.29797e-81
2.22776e-60
1.81196e-57
0
6.98653e-73
1.51307
0.00162742
4.65767e-29
0
7.31012e-59
0
0
0
8.63724e-47
0
6.81625e-54
9.33279e-54
1.52097e-36
0
1.43501e-52
5.79028e-32
1.69936e-52
2.92465e-79
1.63923e-56
7.6249e-69
8.54945e-60
6.00412e-73
1.05162e-52
0
6.016e-54
1.05819e-83
0
2.28845e-46
1.0864e-54
0.00849585
6.54245e-79
0.0174044
0
1.6706e-105
1.45736e-59
3.37583e-83
6.8655e-54
3.76044e-103
0
1.54307e-37
0
5.61305e-66
0
0
0
8.32702e-93
0
2.34614e-45
0
0
0.0044602
0
6.32516e-41
0
1.94547e-84
3.89982e-82
1.55021e-70
0
3.40897e-81
0
2.66086e-49
3.98425e-116
2.02579e-103
0
0
6.24953e-16
7.06988e-68
6.11167e-84
3.68422e-117
2.21014e-61
2.68918e-104
3.48436e-97
4.39225e-82
3.93106e-98
2.09787e-16
1.2942e-60
1.79888e-37
4.60039e-85
4.35569e-89
0
0
7.49605e-62
6.48226e-61
4.74174e-63
1.22535e-79
7.08702e-63
2.56219e-81
8.31536e-15
8.13478e-40
7.91576e-62
2.33509e-59
2.21317e-77
1.69757e-80
5.28914e-45
1.04546e-58
0
0
1.09071e-19
0
1.24579e-91
1.05241e-44
0
1.46649e-57
5.43468e-62
1.20502e-57
9.81911e-92
1.81063
0
0
2.7963e-44
2.51618e-60
0
1.83818e-44
8.57213e-112
2.65259e-72
1.81755e-48
0
1.02898e-102
0
2.24953e-40
0
0
0
1.34513e-42
1.09898e-41
1.39494e-41
0
5.4589
0
1.58362e-100
1.24866e-103
5.78804e-59
1.39467
0
6.63689e-40
0.000660257
9.34956e-40
7.71024e-106
4.32579e-58
7.33039e-40
0
5.68954
0
1.46803e-88
6.33825e-60
4.83159e-80
4.56124e-34
1.07259e-71
3.45868e-38
1.79907e-80
0.0167634
0
1.56049e-53
0
0
6.96439e-35
0
3.31993e-38
8.12137e-32
1.25811e-67
4.29936e-53
6.56451e-97
6.3446e-81
1.55354e-36
7.84851e-105
3.73147e-60
0
3.37909e-49
0
1.20708e-58
0.365391
1.02876e-98
1.20116e-37
9.2608e-46
0
1.73159e-81
1.00378e-99
3.73681e-14
0
0
5.58488e-89
0.0702854
5.67617e-40
0
5.05944e-87
9.50547e-89
2.41548
4.17901e-75
1.14637e-53
1.1222e-73
1.31411e-52
0
9.77579e-102
5.024e-46
0.30515
7.62987e-112
0.0135988
0
3.9699e-71
1.98875e-72
0
0
2.7737e-61
0
7.95225e-63
9.20251e-89
2.67424e-94
0
0
0
3.12199e-92
0
3.77272e-104
5.03531e-09
1.42914e-28
0.549728
2.12426e-81
0
6.06161e-74
7.42908e-98
4.0199e-69
8.82816e-88
3.89973e-54
0
2.16887e-72
0.158764
0
2.89606e-29
6.76676e-82
0
3.05142e-63
1.31452e-106
0
0.0475019
0.00481745
0
4.6867e-30
0.0220417
0
1.27495e-42
0
3.27707e-96
0
3.45397e-73
0
0
1.52585e-43
7.98409e-90
0.00370002
6.40627e-61
6.29668e-31
2.87221e-70
0
7.08075e-109
8.69799e-72
9.40222e-88
0
0.000243103
0.000263888
2.59831e-37
0.0252423
4.17668e-32
0
2.09297e-36
0
9.43838e-87
0
9.34839e-36
1.9093e-60
0.00270475
1.67887e-19
1.06203e-94
3.64136e-33
0
0
5.33153e-91
2.03758e-53
8.74043e-82
4.09552e-75
1.50228e-33
5.64704e-06
1.85211e-38
4.01925e-35
8.7792e-34
0
0.398269
0
0
8.49363e-54
0
1.79103e-39
0
0.235519
5.76285e-41
7.10872e-35
0
2.43075e-68
1.48943e-34
4.32942e-61
6.01857e-08
1.35557e-41
2.37127e-41
4.97605e-111
0
1.26192e-48
0
3.20919e-05
0
2.13132e-93
1.27852e-42
0
5.57742e-08
0.0240339
0
0
9.60472e-09
1.65504e-33
3.59142e-25
9.34562e-62
1.44163e-82
4.77363e-40
3.29444e-23
0
1.92188e-62
1.27656e-24
0
2.3547e-47
1.00721e-37
2.61934e-22
0
0
2.02748e-89
0
0
7.99144e-84
8.7955e-92
0
2.77147e-30
0
4.53514e-71
2.24973e-27
0
3.08845e-26
1.74289e-89
9.97278e-30
6.1369e-27
2.85728e-29
1.1788e-27
9.98291e-86
0
4.42106e-30
1.96815e-28
2.23672e-31
6.31344e-71
1.44531e-45
2.43001e-66
0
0.2676
9.32357e-82
1.00053e-87
0
5.41568e-53
0
1.24587e-89
0
0
3.74013e-92
0
0
2.39287e-51
0
4.26547e-62
0
6.18251e-54
2.60129e-90
4.53298e-68
0
0
1.32506e-68
1.66904e-53
2.65511e-113
0
0
1.92936e-88
2.96117e-50
3.11573e-67
1.766e-105
8.52763e-62
1.68092e-54
0
3.85108e-67
0
1.08591e-06
0
2.19578e-56
2.81597e-68
1.29736e-72
7.89789e-71
2.78659e-21
0
6.01718e-39
7.97169e-90
0
0
1.4652e-62
3.99325e-20
2.2316e-58
1.7937e-41
0
1.11294e-84
0
0
3.27573e-19
0
0
0
1.09773e-83
1.07052e-17
2.2036e-58
0
0
5.06496e-42
8.13929e-45
1.59472e-82
0.00016382
0
2.00115e-17
1.60187e-49
3.69825e-50
2.51525e-43
2.83222e-49
1.48709e-16
2.45216e-62
0
2.14067e-50
3.65282e-15
1.53327e-90
2.57935e-100
8.13441e-62
0
3.64849e-62
0
0
4.35888e-44
1.56167e-60
2.30095e-20
0
0
0
0
4.78131e-62
0
0
1.65385e-51
0
0
0.467677
2.2231e-20
0
7.1713e-76
0
1.6679e-98
8.98179e-80
1.93446e-12
0
0.60207
0
1.61027e-11
4.52501e-74
9.63991e-92
0
6.96395e-83
0
0
2.69051e-62
0
6.1279e-82
6.89869e-11
0
2.05322e-81
0
1.70163e-73
5.64301e-79
1.21933e-10
1.9332e-13
0
0
9.31361e-79
0
6.60032e-112
2.15043e-62
0
0
5.19794e-79
0
0
0
2.30293e-102
0
3.03732e-103
3.43548e-104
0.000186422
2.00099e-103
0
0
6.92028e-103
0
1.03062e-77
9.36029e-05
0
0
2.47711e-102
7.77388e-46
0
0
2.32939e-18
0
6.11026e-11
0
7.29884e-79
1.50454e-73
0.000134008
0
6.74123e-45
2.02879e-17
0.00113481
0
0
1.49594e-23
3.47779e-05
7.65691e-11
0
0
2.56053e-98
0
8.67059e-70
0
5.96584e-67
2.6546e-84
1.00882e-67
0
2.65679e-68
7.05866e-18
0
3.85551e-66
1.32414e-82
6.16652e-100
0
0
9.45072e-24
4.07084e-79
5.92084e-18
4.76378e-70
0
6.77725e-39
0
0
0
3.14763e-23
6.91119e-72
3.20615e-60
1.22774e-23
1.65231e-19
0
3.75633e-60
0
2.05447e-66
0
4.94511e-80
2.58064e-81
0
0
0
2.63538e-69
7.61961e-10
1.7736e-110
2.46221e-77
0
0
0
3.79068e-75
2.36592e-77
0
0
0.000309375
3.50254e-19
0
7.04711e-74
1.30099e-18
2.86148e-71
4.2932e-110
1.37238e-70
0
3.18699e-12
2.3841e-77
0
0
1.30806e-19
0
1.4383e-58
1.69047e-72
0
1.11978e-16
3.18996e-109
0
6.26222e-17
2.018e-21
0
0
0
0
0
0
5.10552e-21
5.06448e-58
1.07283e-18
0
3.81582e-77
8.76525e-21
0
0
1.42954e-21
0
5.41478e-17
1.08699e-39
0
0
0
0
0
0
0
8.97738e-83
0
1.14209e-17
0
0
0
6.53147e-20
5.69062e-22
1.74277e-70
4.12592e-33
0
6.28648e-71
0
0
0
0
9.77048e-68
4.43816e-69
1.38083e-77
0
4.20888e-34
5.87871e-34
0
0
1.93122e-29
5.61882e-111
8.87294e-76
8.22511e-76
1.17572e-74
1.19899e-66
9.75998e-66
0
8.19224e-75
5.52482e-66
1.04951e-66
1.31296e-104
4.5207e-55
0
2.33708e-74
5.36828e-67
0
4.40982e-30
0
8.45691e-76
2.87398e-53
1.94914e-66
2.89443e-106
0
8.36461e-75
0
9.86481e-67
0
0.267851
0
0.0197444
4.83567e-30
2.87783e-37
0
0
1.7663e-05
0
0
1.21593e-37
0
0
6.25646e-25
0
0
5.66333e-73
3.23301e-22
0
3.06701e-30
0
2.67161e-75
1.26067e-21
8.16596e-24
4.36757e-21
4.03994e-74
6.58524e-21
3.72527e-25
6.00427e-73
4.30629e-23
3.52166e-23
0
9.18723e-73
7.98594e-76
4.49125e-33
3.25439e-32
5.67653e-90
0
0
6.79089e-90
1.07374e-17
2.07178e-91
0
0
0
5.8691e-77
4.51572e-42
0.616007
0
1.51646e-30
0
9.68685e-82
8.47445e-68
7.3627e-30
0.204923
0.476951
0
8.84604e-35
1.04223e-29
1.52069e-68
1.80098e-30
0
2.4087e-31
0.0996019
0.251511
1.30195e-69
1.05768e-32
0
0
0
0
0
6.51839e-13
0
8.72509e-115
0
0
0
1.09253e-70
0
4.20808e-81
0
0
0
1.71258e-102
0
3.12253e-26
1.93923e-71
1.62203e-72
8.18651e-23
6.38536e-24
1.53116e-22
3.222e-23
1.97239e-40
1.19914e-24
2.80287e-73
2.14216e-25
2.08156e-50
3.66432e-26
6.01461e-27
9.47431e-28
1.599e-115
1.07067e-74
2.99713e-78
9.48399e-43
0
0
2.4389e-34
0
0
8.13078e-34
0
3.37934e-81
8.76242e-79
5.48059e-80
3.19776e-18
8.24908e-19
9.15337e-21
0
4.15752e-31
1.09095e-81
6.96159e-83
1.74945e-83
2.71401e-85
1.65897e-86
2.14612e-88
3.05815e-41
1.6754e-41
0
6.40876e-31
1.14296e-22
1.73236e-30
1.07274e-33
1.34668e-32
0
0
3.5849e-17
2.1335e-29
0
6.38028e-23
3.08861e-31
1.09439e-35
0
3.6055e-35
2.03438e-22
7.27595e-31
1.44811e-31
0
5.71804e-22
5.53254e-22
0
4.03751e-23
0
0
2.46396e-13
5.36349e-48
0
0
0
0
6.91483e-34
7.14494e-33
1.15821e-31
9.01187e-32
1.69571e-30
1.84812e-31
3.96564e-30
5.30122e-30
0
0
0
0
6.94346e-36
1.78353e-38
0
0
3.96804e-45
1.98538e-08
4.0506e-45
9.41699e-07
2.17401e-06
3.16339e-06
3.58792e-06
1.07802e-51
0
0
0
1.07574e-57
1.61894e-58
0
0
0
0
0
2.37409e-72
5.2654e-74
0
3.18564e-79
0
7.33601e-82
0
0
0
0
0
2.48777e-85
3.75022e-86
0
0
0
0
0
0
3.84818e-95
7.59954e-103
0
0
0
0
0
0
0
2.08156e-114
5.8435e-117
1.2597e-129
0
0
0
0
0
1.12005e-127
0
0
2.59128e-95
0
7.58017e-125
0
5.79224e-95
3.47761e-05
1.00172e-84
6.44499e-112
1.04698e-31
0
1.24927e-05
1.75426e-91
4.45238e-31
5.36986e-88
0
2.8495e-05
0
0
1.13252e-97
2.61394e-16
0
0.000184196
0
0
0
2.62495e-96
2.31391e-83
1.239e-82
5.05709e-85
5.15251e-30
0
0
8.54018e-95
5.39272e-84
4.1042e-83
2.22763e-90
1.77898e-41
5.62789e-75
0
0
4.79169e-84
2.20806e-114
1.43864e-89
4.13581e-80
4.07194e-102
0
1.95919e-16
1.06675e-84
1.32263e-60
3.28883e-85
6.84319e-54
0
0
1.83068e-05
1.85401e-25
2.87268e-125
0
3.38054e-30
0
0
5.96602e-17
6.11668e-99
0
0
0
3.8493e-137
0
0
3.33702e-06
5.08541e-81
0
3.11185e-06
5.51205e-88
0
0
0
0
0
3.99221e-90
6.00261e-74
0
6.62995e-115
7.89832e-83
0
0
0
3.67513e-42
2.39722e-85
3.54075e-85
2.04721e-94
4.77508e-113
2.20241e-89
8.86155e-92
7.79686e-05
0
0
1.34774e-106
0
3.35133e-89
7.6237e-88
0
5.51213e-89
0
1.1126e-91
3.28281e-91
2.49342e-114
3.49524e-96
6.37507e-117
0
0
0
0
2.41912e-135
6.57317e-121
0
0
5.23557e-90
0
0
0
9.1442e-90
8.49197e-87
0
0
0
1.11917e-106
2.43161e-94
3.38313e-93
0
4.20577e-81
1.12227e-84
1.18838e-59
9.13268e-57
2.05472e-07
7.22132e-130
0
1.75089e-99
0
3.49321e-88
0
6.30515e-113
0
0
0
4.45166e-30
0
0
0
0
4.36728e-84
0
2.02795e-86
6.57754e-82
1.47665e-86
0
1.275e-117
0
0
0
4.95976e-07
5.02818e-127
0
7.23506e-81
1.92025e-136
1.59962e-135
1.81823e-131
7.69484e-129
1.38071e-128
1.83324e-130
0
0
6.79136e-127
1.47353e-124
1.84853e-124
8.78789e-117
3.38478e-121
7.56684e-121
2.21821e-121
1.20754e-89
2.6458e-89
0
0
4.76694e-98
3.14187e-97
3.25456e-88
7.3086e-97
1.01618e-96
3.63732e-109
1.2313e-108
1.33024e-108
9.12927e-97
0
4.06557e-109
0
3.94368e-97
0
0
6.96685e-106
3.225e-113
5.18988e-113
0
9.62184e-117
0
1.20763e-116
2.12354e-105
0
0
0
0
0
2.47357e-113
0
5.56969e-91
1.71704e-91
9.13544e-94
2.17666e-105
0
2.24854e-88
4.96251e-88
2.67407e-91
1.95077e-88
0
1.65879e-118
0
5.01663e-92
1.31158e-95
0
0
1.09918e-135
0
1.0918e-86
1.18428e-136
8.5125e-91
0
1.69306e-90
5.16552e-90
0
6.32117e-107
0
0
2.03152e-115
1.6006e-95
1.30345e-93
4.15216e-96
9.0418e-105
0.000288608
1.4977e-05
4.94489e-85
4.05769e-08
2.4172e-98
7.63262e-133
0
0
6.58378e-05
6.41575e-30
6.17389e-88
0
1.27125e-83
0
7.42348e-05
0
1.51716e-88
0
1.15632e-96
1.51732e-16
1.63001e-27
5.16307e-06
1.61847e-135
5.32798e-116
9.38657e-82
0
1.89655e-87
1.74709e-119
)
;

boundaryField
{
    bc0
    {
        type            zeroGradient;
    }
    bc1
    {
        type            zeroGradient;
    }
    bc2
    {
        type            zeroGradient;
    }
    bc3
    {
        type            zeroGradient;
    }
    top
    {
        type            zeroGradient;
    }
    bottom
    {
        type            zeroGradient;
    }
}


// ************************************************************************* //
