7.49676
7.49676
7.49675
7.49648
7.49644
7.49645
7.49643
7.49506
7.47061
7.30948
6.94579
6.55569
6.23575
5.98754
5.79473
5.64288
5.52122
5.47863
5.46558
5.45572
5.44818
5.44288
5.43929
5.43725
5.43627
5.43837
5.64807
6.99166
5.61032
5.41726
5.4066
5.39837
5.39104
5.38448
5.37875
5.37362
5.36922
5.36527
5.36186
5.35886
5.35633
5.35429
5.36165
5.40722
5.45417
5.50202
5.55076
5.60028
5.65063
5.70172
5.75359
5.80614
5.85942
5.91333
5.96789
6.02301
6.0787
6.13485
6.19147
6.24842
6.30571
6.36318
6.4208
6.4784
6.53592
6.59317
6.65004
6.70632
6.76188
6.81645
6.86987
6.92186
6.97224
7.02073
7.06713
7.11119
7.15276
7.19163
7.22772
7.26092
7.29123
7.31863
7.34323
7.3651
7.38443
7.40135
7.41609
7.42881
7.43975
7.44909
7.45703
7.46375
7.4694
7.47416
7.47812
7.48143
7.48417
7.48645
7.48833
7.48988
7.49115
7.4922
7.49305
7.49376
7.49433
7.49479
7.49517
7.49548
7.49573
7.49593
7.49609
7.49622
7.49635
7.4964
7.49649
7.49654
7.49658
7.49662
7.49665
7.49667
7.49669
7.4967
7.49671
7.49672
7.49673
7.49673
7.49674
7.49674
7.49674
7.49675
7.49675
7.49675
7.49676
7.49674
7.49676
7.49675
7.49675
7.49676
7.49676
7.49676
7.49676
7.49676
7.49676
7.49676
7.49676
7.49676
7.49676
7.49676
7.49676
7.49676
7.49676
7.49676
7.49676
7.49677
7.49675
7.49676
7.49676
7.49676
7.49676
7.49676
7.49676
7.49676
7.49676
7.49676
7.49676
7.49676
7.49676
7.49676
7.49676
7.49676
7.49676
7.49676
7.49676
7.49677
7.49676
7.49677
7.49676
7.49676
7.49676
7.49677
7.49677
7.49677
7.49677
7.49677
13.1253
13.1253
13.1253
13.1257
13.1257
13.1257
13.1253
13.1246
13.1433
13.2944
13.6439
14.0155
14.312
14.5297
14.6808
14.7663
14.7051
14.0787
14.1016
14.1637
14.1156
14.1763
14.1604
14.1359
14.1033
14.0548
13.7675
-4.8218
13.8185
14.0842
14.1362
14.1729
14.201
14.2226
14.2367
14.1455
14.2446
14.2095
14.1878
14.2316
14.1829
14.1798
14.7894
14.9554
14.9725
14.9624
14.9399
14.9102
14.8754
14.837
14.7957
14.7521
14.7065
14.6592
14.6103
14.5602
14.509
14.4567
14.4035
14.3496
14.295
14.2399
14.1844
14.1287
14.0729
14.0171
13.9616
13.9065
13.852
13.7984
13.7458
13.6946
13.6449
13.597
13.5511
13.5075
13.4664
13.4279
13.3921
13.3592
13.3291
13.3019
13.2775
13.2558
13.2367
13.2199
13.2052
13.1926
13.1818
13.1725
13.1646
13.158
13.1524
13.1477
13.1437
13.1405
13.1377
13.1355
13.1336
13.1321
13.1308
13.1298
13.129
13.1283
13.1277
13.1273
13.1269
13.1266
13.1263
13.1261
13.126
13.1259
13.1257
13.1257
13.1256
13.1255
13.1255
13.1255
13.1254
13.1254
13.1254
13.1254
13.1254
13.1254
13.1254
13.1254
13.1253
13.1253
13.1253
13.1253
13.1253
13.1253
13.1253
13.1253
13.1253
13.1253
13.1253
13.1253
13.1253
13.1253
13.1253
13.1253
13.1253
13.1253
13.1253
13.1253
13.1253
13.1253
13.1253
13.1253
13.1253
13.1253
13.1253
13.1253
13.1253
13.1253
13.1253
13.1253
13.1253
13.1253
13.1253
13.1253
13.1253
13.1253
13.1253
13.1253
13.1253
13.1253
13.1253
13.1253
13.1253
13.1253
13.1253
13.1253
13.1253
13.1253
13.1253
13.1253
13.1253
13.1253
13.1253
13.1253
13.1253
13.1253
0.00046304
0.00046304
0.000462792
0.000462588
0.000462773
0.000462865
0.000462903
0.000463016
0.000464843
0.000479539
0.000540497
0.000695946
0.000981549
0.00140467
0.00194897
0.00258667
0.0032872
0.00358382
0.0036803
0.00375591
0.00381424
0.00385654
0.0038849
0.00390176
0.00390954
0.00391335
0.00418544
0.0201178
0.00422769
0.00408047
0.00415721
0.00422904
0.00429432
0.00435312
0.00440588
0.00445312
0.00449472
0.00453185
0.00456467
0.00459327
0.00461811
0.00463774
0.00456684
0.0041514
0.00376761
0.00341716
0.00309854
0.0028096
0.00254832
0.00231252
0.00210029
0.00190963
0.00173881
0.00158603
0.00144976
0.00132841
0.00122063
0.00112505
0.00104052
0.00096587
0.000900123
0.000842286
0.000791557
0.000747102
0.000708269
0.000674365
0.000644866
0.000619203
0.000596963
0.000577682
0.000561037
0.000546654
0.000534284
0.000523628
0.0005145
0.000506658
0.000499967
0.000494233
0.000489362
0.000485197
0.000481675
0.000478671
0.000476142
0.000473989
0.000472188
0.000470656
0.000469383
0.000468301
0.000467409
0.000466649
0.000466025
0.000465506
0.000465065
0.000464711
0.000464406
0.000464166
0.000463956
0.000463794
0.00046365
0.000463543
0.000463444
0.000463374
0.000463306
0.000463258
0.000463217
0.000463183
0.000463155
0.000463133
0.000463115
0.0004631
0.000463088
0.000463075
0.000463091
0.000463047
0.000463065
0.000463058
0.000463054
0.000463051
0.000463049
0.000463047
0.000463046
0.000463045
0.000463044
0.000463044
0.000463043
0.000463043
0.000463042
0.000463042
0.000463042
0.000463042
0.000463041
0.000463038
0.000463053
0.00046303
0.000463044
0.000463042
0.000463041
0.000463041
0.000463041
0.000463041
0.000463041
0.000463041
0.000463041
0.000463041
0.000463041
0.000463041
0.000463041
0.000463041
0.000463041
0.000463041
0.000463041
0.000463041
0.000463039
0.000463048
0.000463034
0.000463043
0.000463041
0.000463041
0.000463041
0.000463041
0.000463041
0.000463041
0.000463041
0.000463041
0.000463041
0.000463041
0.000463041
0.000463041
0.000463041
0.000463041
0.000463041
0.00046304
0.000463039
0.000463045
0.000463036
0.000463042
0.000463041
0.00046304
0.00046304
0.00046304
0.00046304
0.00046304
0.00046304
0.00046304
0.000878275
0.000878275
0.000878236
0.000878147
0.00087808
0.000878182
0.000878894
0.0008831
0.000894211
0.000911707
0.000932332
0.000952556
0.00096988
0.000983137
0.0009922
0.000997454
0.000998981
0.000994188
0.000986365
0.000976535
0.000964724
0.000951032
0.00093571
0.000919148
0.000901811
0.000884173
0.00086665
0.000848088
0.000864567
0.000878534
0.000891372
0.00090301
0.000913411
0.000922587
0.000930584
0.000937474
0.000943342
0.00094828
0.00095238
0.000955699
0.000958232
0.000959796
0.000959777
0.00095749
0.000954309
0.000950776
0.000947112
0.000943415
0.000939736
0.000936104
0.000932542
0.000929068
0.000925697
0.00092244
0.000919308
0.000916307
0.000913444
0.000910722
0.000908144
0.00090571
0.000903419
0.000901271
0.000899262
0.000897388
0.000895647
0.000894032
0.000892539
0.000891162
0.000889895
0.000888733
0.000887669
0.000886697
0.000885812
0.000885008
0.000884279
0.000883619
0.000883023
0.000882486
0.000882003
0.00088157
0.000881182
0.000880836
0.000880527
0.000880251
0.000880007
0.00087979
0.000879599
0.000879429
0.00087928
0.000879149
0.000879033
0.000878932
0.000878843
0.000878766
0.000878698
0.000878639
0.000878588
0.000878544
0.000878505
0.000878472
0.000878443
0.000878419
0.000878397
0.000878379
0.000878363
0.00087835
0.000878338
0.000878328
0.00087832
0.000878313
0.000878307
0.000878302
0.000878297
0.000878294
0.00087829
0.000878288
0.000878286
0.000878284
0.000878282
0.000878281
0.00087828
0.000878279
0.000878278
0.000878277
0.000878277
0.000878276
0.000878276
0.000878276
0.000878276
0.000878275
0.000878275
0.000878275
0.000878275
0.000878275
0.000878275
0.000878275
0.000878275
0.000878275
0.000878275
0.000878275
0.000878274
0.000878274
0.000878274
0.000878274
0.000878274
0.000878274
0.000878274
0.000878274
0.000878274
0.000878274
0.000878274
0.000878274
0.000878274
0.000878274
0.000878274
0.000878274
0.000878274
0.000878274
0.000878274
0.000878274
0.000878274
0.000878274
0.000878274
0.000878274
0.000878274
0.000878274
0.000878274
0.000878274
0.000878274
0.000878274
0.000878274
0.000878274
0.000878274
0.000878274
0.000878274
0.000878274
0.000878274
0.000878274
0.000878274
0.000878274
0.000878274
0.000878274
0.000878274
0.000878274
0.000511983
0.000511983
0.000511837
0.000512231
0.000512393
0.000512159
0.00051051
0.000500728
0.000474705
0.000432725
0.000379766
0.000320448
0.000258091
0.000195001
0.000132701
7.20554e-05
1.33701e-05
2.81969e-08
3.08601e-08
4.99318e-08
2.99203e-08
4.9815e-08
4.16518e-08
3.26176e-08
2.39308e-08
1.56082e-08
7.6364e-09
0
8.62518e-09
1.6842e-08
2.46581e-08
3.2037e-08
3.88172e-08
4.45714e-08
4.81608e-08
1.98241e-08
4.7443e-08
3.30998e-08
2.62611e-08
3.82668e-08
2.38604e-08
2.2761e-08
6.6851e-06
4.68977e-05
8.46382e-05
0.000119824
0.000152588
0.00018306
0.000211365
0.000237616
0.000261925
0.0002844
0.000305144
0.00032426
0.000341846
0.000357998
0.000372809
0.000386368
0.000398763
0.000410074
0.000420381
0.000429758
0.000438276
0.000446002
0.000452998
0.000459325
0.000465036
0.000470185
0.00047482
0.000478986
0.000482724
0.000486074
0.000489072
0.00049175
0.000494139
0.000496268
0.000498161
0.000499842
0.000501334
0.000502654
0.000503822
0.000504853
0.000505763
0.000506563
0.000507267
0.000507885
0.000508426
0.0005089
0.000509315
0.000509677
0.000509992
0.000510266
0.000510505
0.000510712
0.000510891
0.000511046
0.000511181
0.000511296
0.000511396
0.000511482
0.000511556
0.000511619
0.000511673
0.00051172
0.000511759
0.000511793
0.000511822
0.000511847
0.000511867
0.000511885
0.0005119
0.000511913
0.000511924
0.000511933
0.00051194
0.000511947
0.000511952
0.000511957
0.00051196
0.000511964
0.000511966
0.000511968
0.00051197
0.000511972
0.000511973
0.000511974
0.000511975
0.000511976
0.000511976
0.000511977
0.000511977
0.000511978
0.000511978
0.000511978
0.000511978
0.000511979
0.000511979
0.000511979
0.000511979
0.000511979
0.000511979
0.000511979
0.000511979
0.000511979
0.000511979
0.000511979
0.000511979
0.000511979
0.000511979
0.000511979
0.000511979
0.000511979
0.000511979
0.000511979
0.000511979
0.000511979
0.000511979
0.000511979
0.000511979
0.000511979
0.000511979
0.000511979
0.000511979
0.000511979
0.000511979
0.000511979
0.000511979
0.000511979
0.000511979
0.000511979
0.000511979
0.000511979
0.000511979
0.000511979
0.000511979
0.000511979
0.000511979
0.000511979
0.000511979
0.000511979
0.000511979
0.000511979
0.000511979
0.000511979
