FoamFile 
{ version 2.0;
 format ascii;
 class faceList;
 location  "constant/polyMesh";
 object faces;
}
921
(
4(3 2 372 373)
4(5 4 374 375)
4(7 6 376 377)
4(9 8 378 379)
4(11 10 380 381)
4(13 12 382 383)
4(15 14 384 385)
4(17 16 386 387)
4(19 18 388 389)
4(21 20 390 391)
4(23 22 392 393)
4(25 24 394 395)
4(27 26 396 397)
4(29 28 398 399)
4(31 30 400 401)
4(33 32 402 403)
4(35 34 404 405)
4(37 36 406 407)
4(39 38 408 409)
4(41 40 410 411)
4(43 42 412 413)
4(45 44 414 415)
4(47 46 416 417)
4(49 48 418 419)
4(51 50 420 421)
4(53 52 422 423)
4(55 54 424 425)
4(57 56 426 427)
4(59 58 428 429)
4(61 60 430 431)
4(63 62 432 433)
4(65 64 434 435)
4(67 66 436 437)
4(69 68 438 439)
4(71 70 440 441)
4(73 72 442 443)
4(75 74 444 445)
4(77 76 446 447)
4(79 78 448 449)
4(81 80 450 451)
4(83 82 452 453)
4(85 84 454 455)
4(87 86 456 457)
4(89 88 458 459)
4(91 90 460 461)
4(93 92 462 463)
4(95 94 464 465)
4(97 96 466 467)
4(99 98 468 469)
4(101 100 470 471)
4(103 102 472 473)
4(105 104 474 475)
4(107 106 476 477)
4(109 108 478 479)
4(111 110 480 481)
4(113 112 482 483)
4(115 114 484 485)
4(117 116 486 487)
4(119 118 488 489)
4(121 120 490 491)
4(123 122 492 493)
4(125 124 494 495)
4(127 126 496 497)
4(129 128 498 499)
4(131 130 500 501)
4(133 132 502 503)
4(135 134 504 505)
4(137 136 506 507)
4(139 138 508 509)
4(141 140 510 511)
4(143 142 512 513)
4(145 144 514 515)
4(147 146 516 517)
4(149 148 518 519)
4(151 150 520 521)
4(153 152 522 523)
4(155 154 524 525)
4(157 156 526 527)
4(159 158 528 529)
4(161 160 530 531)
4(163 162 532 533)
4(165 164 534 535)
4(167 166 536 537)
4(169 168 538 539)
4(171 170 540 541)
4(173 172 542 543)
4(175 174 544 545)
4(177 176 546 547)
4(179 178 548 549)
4(181 180 550 551)
4(183 182 552 553)
4(185 184 554 555)
4(187 186 556 557)
4(189 188 558 559)
4(191 190 560 561)
4(193 192 562 563)
4(195 194 564 565)
4(197 196 566 567)
4(199 198 568 569)
4(201 200 570 571)
4(203 202 572 573)
4(205 204 574 575)
4(207 206 576 577)
4(209 208 578 579)
4(211 210 580 581)
4(213 212 582 583)
4(215 214 584 585)
4(217 216 586 587)
4(219 218 588 589)
4(221 220 590 591)
4(223 222 592 593)
4(225 224 594 595)
4(227 226 596 597)
4(229 228 598 599)
4(231 230 600 601)
4(233 232 602 603)
4(235 234 604 605)
4(237 236 606 607)
4(239 238 608 609)
4(241 240 610 611)
4(243 242 612 613)
4(245 244 614 615)
4(247 246 616 617)
4(249 248 618 619)
4(251 250 620 621)
4(253 252 622 623)
4(255 254 624 625)
4(257 256 626 627)
4(259 258 628 629)
4(261 260 630 631)
4(263 262 632 633)
4(265 264 634 635)
4(267 266 636 637)
4(269 268 638 639)
4(271 270 640 641)
4(273 272 642 643)
4(275 274 644 645)
4(277 276 646 647)
4(279 278 648 649)
4(281 280 650 651)
4(283 282 652 653)
4(285 284 654 655)
4(287 286 656 657)
4(289 288 658 659)
4(291 290 660 661)
4(293 292 662 663)
4(295 294 664 665)
4(297 296 666 667)
4(299 298 668 669)
4(301 300 670 671)
4(303 302 672 673)
4(305 304 674 675)
4(307 306 676 677)
4(309 308 678 679)
4(311 310 680 681)
4(313 312 682 683)
4(315 314 684 685)
4(317 316 686 687)
4(319 318 688 689)
4(321 320 690 691)
4(323 322 692 693)
4(325 324 694 695)
4(327 326 696 697)
4(329 328 698 699)
4(331 330 700 701)
4(333 332 702 703)
4(335 334 704 705)
4(337 336 706 707)
4(339 338 708 709)
4(341 340 710 711)
4(343 342 712 713)
4(345 344 714 715)
4(347 346 716 717)
4(349 348 718 719)
4(351 350 720 721)
4(353 352 722 723)
4(355 354 724 725)
4(357 356 726 727)
4(359 358 728 729)
4(361 360 730 731)
4(363 362 732 733)
4(365 364 734 735)
4(367 366 736 737)
4(369 368 738 739)
4(1 3 373 371)
4(3 5 375 373)
4(5 7 377 375)
4(7 9 379 377)
4(9 11 381 379)
4(11 13 383 381)
4(13 15 385 383)
4(15 17 387 385)
4(17 19 389 387)
4(19 21 391 389)
4(21 23 393 391)
4(23 25 395 393)
4(25 27 397 395)
4(27 29 399 397)
4(29 31 401 399)
4(31 33 403 401)
4(33 35 405 403)
4(35 37 407 405)
4(37 39 409 407)
4(39 41 411 409)
4(41 43 413 411)
4(43 45 415 413)
4(45 47 417 415)
4(47 49 419 417)
4(49 51 421 419)
4(51 53 423 421)
4(53 55 425 423)
4(55 57 427 425)
4(57 59 429 427)
4(59 61 431 429)
4(61 63 433 431)
4(63 65 435 433)
4(65 67 437 435)
4(67 69 439 437)
4(69 71 441 439)
4(71 73 443 441)
4(73 75 445 443)
4(75 77 447 445)
4(77 79 449 447)
4(79 81 451 449)
4(81 83 453 451)
4(83 85 455 453)
4(85 87 457 455)
4(87 89 459 457)
4(89 91 461 459)
4(91 93 463 461)
4(93 95 465 463)
4(95 97 467 465)
4(97 99 469 467)
4(99 101 471 469)
4(101 103 473 471)
4(103 105 475 473)
4(105 107 477 475)
4(107 109 479 477)
4(109 111 481 479)
4(111 113 483 481)
4(113 115 485 483)
4(115 117 487 485)
4(117 119 489 487)
4(119 121 491 489)
4(121 123 493 491)
4(123 125 495 493)
4(125 127 497 495)
4(127 129 499 497)
4(129 131 501 499)
4(131 133 503 501)
4(133 135 505 503)
4(135 137 507 505)
4(137 139 509 507)
4(139 141 511 509)
4(141 143 513 511)
4(143 145 515 513)
4(145 147 517 515)
4(147 149 519 517)
4(149 151 521 519)
4(151 153 523 521)
4(153 155 525 523)
4(155 157 527 525)
4(157 159 529 527)
4(159 161 531 529)
4(161 163 533 531)
4(163 165 535 533)
4(165 167 537 535)
4(167 169 539 537)
4(169 171 541 539)
4(171 173 543 541)
4(173 175 545 543)
4(175 177 547 545)
4(177 179 549 547)
4(179 181 551 549)
4(181 183 553 551)
4(183 185 555 553)
4(185 187 557 555)
4(187 189 559 557)
4(189 191 561 559)
4(191 193 563 561)
4(193 195 565 563)
4(195 197 567 565)
4(197 199 569 567)
4(199 201 571 569)
4(201 203 573 571)
4(203 205 575 573)
4(205 207 577 575)
4(207 209 579 577)
4(209 211 581 579)
4(211 213 583 581)
4(213 215 585 583)
4(215 217 587 585)
4(217 219 589 587)
4(219 221 591 589)
4(221 223 593 591)
4(223 225 595 593)
4(225 227 597 595)
4(227 229 599 597)
4(229 231 601 599)
4(231 233 603 601)
4(233 235 605 603)
4(235 237 607 605)
4(237 239 609 607)
4(239 241 611 609)
4(241 243 613 611)
4(243 245 615 613)
4(245 247 617 615)
4(247 249 619 617)
4(249 251 621 619)
4(251 253 623 621)
4(253 255 625 623)
4(255 257 627 625)
4(257 259 629 627)
4(259 261 631 629)
4(261 263 633 631)
4(263 265 635 633)
4(265 267 637 635)
4(267 269 639 637)
4(269 271 641 639)
4(271 273 643 641)
4(273 275 645 643)
4(275 277 647 645)
4(277 279 649 647)
4(279 281 651 649)
4(281 283 653 651)
4(283 285 655 653)
4(285 287 657 655)
4(287 289 659 657)
4(289 291 661 659)
4(291 293 663 661)
4(293 295 665 663)
4(295 297 667 665)
4(297 299 669 667)
4(299 301 671 669)
4(301 303 673 671)
4(303 305 675 673)
4(305 307 677 675)
4(307 309 679 677)
4(309 311 681 679)
4(311 313 683 681)
4(313 315 685 683)
4(315 317 687 685)
4(317 319 689 687)
4(319 321 691 689)
4(321 323 693 691)
4(323 325 695 693)
4(325 327 697 695)
4(327 329 699 697)
4(329 331 701 699)
4(331 333 703 701)
4(333 335 705 703)
4(335 337 707 705)
4(337 339 709 707)
4(339 341 711 709)
4(341 343 713 711)
4(343 345 715 713)
4(345 347 717 715)
4(347 349 719 717)
4(349 351 721 719)
4(351 353 723 721)
4(353 355 725 723)
4(355 357 727 725)
4(357 359 729 727)
4(359 361 731 729)
4(361 363 733 731)
4(363 365 735 733)
4(365 367 737 735)
4(367 369 739 737)
4(0 1 371 370)
4(368 366 736 738)
4(366 364 734 736)
4(364 362 732 734)
4(362 360 730 732)
4(360 358 728 730)
4(358 356 726 728)
4(356 354 724 726)
4(354 352 722 724)
4(352 350 720 722)
4(350 348 718 720)
4(348 346 716 718)
4(346 344 714 716)
4(344 342 712 714)
4(342 340 710 712)
4(340 338 708 710)
4(338 336 706 708)
4(336 334 704 706)
4(334 332 702 704)
4(332 330 700 702)
4(330 328 698 700)
4(328 326 696 698)
4(326 324 694 696)
4(324 322 692 694)
4(322 320 690 692)
4(320 318 688 690)
4(318 316 686 688)
4(316 314 684 686)
4(314 312 682 684)
4(312 310 680 682)
4(310 308 678 680)
4(308 306 676 678)
4(306 304 674 676)
4(304 302 672 674)
4(302 300 670 672)
4(300 298 668 670)
4(298 296 666 668)
4(296 294 664 666)
4(294 292 662 664)
4(292 290 660 662)
4(290 288 658 660)
4(288 286 656 658)
4(286 284 654 656)
4(284 282 652 654)
4(282 280 650 652)
4(280 278 648 650)
4(278 276 646 648)
4(276 274 644 646)
4(274 272 642 644)
4(272 270 640 642)
4(270 268 638 640)
4(268 266 636 638)
4(266 264 634 636)
4(264 262 632 634)
4(262 260 630 632)
4(260 258 628 630)
4(258 256 626 628)
4(256 254 624 626)
4(254 252 622 624)
4(252 250 620 622)
4(250 248 618 620)
4(248 246 616 618)
4(246 244 614 616)
4(244 242 612 614)
4(242 240 610 612)
4(240 238 608 610)
4(238 236 606 608)
4(236 234 604 606)
4(234 232 602 604)
4(232 230 600 602)
4(230 228 598 600)
4(228 226 596 598)
4(226 224 594 596)
4(224 222 592 594)
4(222 220 590 592)
4(220 218 588 590)
4(218 216 586 588)
4(216 214 584 586)
4(214 212 582 584)
4(212 210 580 582)
4(210 208 578 580)
4(208 206 576 578)
4(206 204 574 576)
4(204 202 572 574)
4(202 200 570 572)
4(200 198 568 570)
4(198 196 566 568)
4(196 194 564 566)
4(194 192 562 564)
4(192 190 560 562)
4(190 188 558 560)
4(188 186 556 558)
4(186 184 554 556)
4(184 182 552 554)
4(182 180 550 552)
4(180 178 548 550)
4(178 176 546 548)
4(176 174 544 546)
4(174 172 542 544)
4(172 170 540 542)
4(170 168 538 540)
4(168 166 536 538)
4(166 164 534 536)
4(164 162 532 534)
4(162 160 530 532)
4(160 158 528 530)
4(158 156 526 528)
4(156 154 524 526)
4(154 152 522 524)
4(152 150 520 522)
4(150 148 518 520)
4(148 146 516 518)
4(146 144 514 516)
4(144 142 512 514)
4(142 140 510 512)
4(140 138 508 510)
4(138 136 506 508)
4(136 134 504 506)
4(134 132 502 504)
4(132 130 500 502)
4(130 128 498 500)
4(128 126 496 498)
4(126 124 494 496)
4(124 122 492 494)
4(122 120 490 492)
4(120 118 488 490)
4(118 116 486 488)
4(116 114 484 486)
4(114 112 482 484)
4(112 110 480 482)
4(110 108 478 480)
4(108 106 476 478)
4(106 104 474 476)
4(104 102 472 474)
4(102 100 470 472)
4(100 98 468 470)
4(98 96 466 468)
4(96 94 464 466)
4(94 92 462 464)
4(92 90 460 462)
4(90 88 458 460)
4(88 86 456 458)
4(86 84 454 456)
4(84 82 452 454)
4(82 80 450 452)
4(80 78 448 450)
4(78 76 446 448)
4(76 74 444 446)
4(74 72 442 444)
4(72 70 440 442)
4(70 68 438 440)
4(68 66 436 438)
4(66 64 434 436)
4(64 62 432 434)
4(62 60 430 432)
4(60 58 428 430)
4(58 56 426 428)
4(56 54 424 426)
4(54 52 422 424)
4(52 50 420 422)
4(50 48 418 420)
4(48 46 416 418)
4(46 44 414 416)
4(44 42 412 414)
4(42 40 410 412)
4(40 38 408 410)
4(38 36 406 408)
4(36 34 404 406)
4(34 32 402 404)
4(32 30 400 402)
4(30 28 398 400)
4(28 26 396 398)
4(26 24 394 396)
4(24 22 392 394)
4(22 20 390 392)
4(20 18 388 390)
4(18 16 386 388)
4(16 14 384 386)
4(14 12 382 384)
4(12 10 380 382)
4(10 8 378 380)
4(8 6 376 378)
4(6 4 374 376)
4(4 2 372 374)
4(2 0 370 372)
4(370 371 373 372)
4(372 373 375 374)
4(374 375 377 376)
4(376 377 379 378)
4(378 379 381 380)
4(380 381 383 382)
4(382 383 385 384)
4(384 385 387 386)
4(386 387 389 388)
4(388 389 391 390)
4(390 391 393 392)
4(392 393 395 394)
4(394 395 397 396)
4(396 397 399 398)
4(398 399 401 400)
4(400 401 403 402)
4(402 403 405 404)
4(404 405 407 406)
4(406 407 409 408)
4(408 409 411 410)
4(410 411 413 412)
4(412 413 415 414)
4(414 415 417 416)
4(416 417 419 418)
4(418 419 421 420)
4(420 421 423 422)
4(422 423 425 424)
4(424 425 427 426)
4(426 427 429 428)
4(428 429 431 430)
4(430 431 433 432)
4(432 433 435 434)
4(434 435 437 436)
4(436 437 439 438)
4(438 439 441 440)
4(440 441 443 442)
4(442 443 445 444)
4(444 445 447 446)
4(446 447 449 448)
4(448 449 451 450)
4(450 451 453 452)
4(452 453 455 454)
4(454 455 457 456)
4(456 457 459 458)
4(458 459 461 460)
4(460 461 463 462)
4(462 463 465 464)
4(464 465 467 466)
4(466 467 469 468)
4(468 469 471 470)
4(470 471 473 472)
4(472 473 475 474)
4(474 475 477 476)
4(476 477 479 478)
4(478 479 481 480)
4(480 481 483 482)
4(482 483 485 484)
4(484 485 487 486)
4(486 487 489 488)
4(488 489 491 490)
4(490 491 493 492)
4(492 493 495 494)
4(494 495 497 496)
4(496 497 499 498)
4(498 499 501 500)
4(500 501 503 502)
4(502 503 505 504)
4(504 505 507 506)
4(506 507 509 508)
4(508 509 511 510)
4(510 511 513 512)
4(512 513 515 514)
4(514 515 517 516)
4(516 517 519 518)
4(518 519 521 520)
4(520 521 523 522)
4(522 523 525 524)
4(524 525 527 526)
4(526 527 529 528)
4(528 529 531 530)
4(530 531 533 532)
4(532 533 535 534)
4(534 535 537 536)
4(536 537 539 538)
4(538 539 541 540)
4(540 541 543 542)
4(542 543 545 544)
4(544 545 547 546)
4(546 547 549 548)
4(548 549 551 550)
4(550 551 553 552)
4(552 553 555 554)
4(554 555 557 556)
4(556 557 559 558)
4(558 559 561 560)
4(560 561 563 562)
4(562 563 565 564)
4(564 565 567 566)
4(566 567 569 568)
4(568 569 571 570)
4(570 571 573 572)
4(572 573 575 574)
4(574 575 577 576)
4(576 577 579 578)
4(578 579 581 580)
4(580 581 583 582)
4(582 583 585 584)
4(584 585 587 586)
4(586 587 589 588)
4(588 589 591 590)
4(590 591 593 592)
4(592 593 595 594)
4(594 595 597 596)
4(596 597 599 598)
4(598 599 601 600)
4(600 601 603 602)
4(602 603 605 604)
4(604 605 607 606)
4(606 607 609 608)
4(608 609 611 610)
4(610 611 613 612)
4(612 613 615 614)
4(614 615 617 616)
4(616 617 619 618)
4(618 619 621 620)
4(620 621 623 622)
4(622 623 625 624)
4(624 625 627 626)
4(626 627 629 628)
4(628 629 631 630)
4(630 631 633 632)
4(632 633 635 634)
4(634 635 637 636)
4(636 637 639 638)
4(638 639 641 640)
4(640 641 643 642)
4(642 643 645 644)
4(644 645 647 646)
4(646 647 649 648)
4(648 649 651 650)
4(650 651 653 652)
4(652 653 655 654)
4(654 655 657 656)
4(656 657 659 658)
4(658 659 661 660)
4(660 661 663 662)
4(662 663 665 664)
4(664 665 667 666)
4(666 667 669 668)
4(668 669 671 670)
4(670 671 673 672)
4(672 673 675 674)
4(674 675 677 676)
4(676 677 679 678)
4(678 679 681 680)
4(680 681 683 682)
4(682 683 685 684)
4(684 685 687 686)
4(686 687 689 688)
4(688 689 691 690)
4(690 691 693 692)
4(692 693 695 694)
4(694 695 697 696)
4(696 697 699 698)
4(698 699 701 700)
4(700 701 703 702)
4(702 703 705 704)
4(704 705 707 706)
4(706 707 709 708)
4(708 709 711 710)
4(710 711 713 712)
4(712 713 715 714)
4(714 715 717 716)
4(716 717 719 718)
4(718 719 721 720)
4(720 721 723 722)
4(722 723 725 724)
4(724 725 727 726)
4(726 727 729 728)
4(728 729 731 730)
4(730 731 733 732)
4(732 733 735 734)
4(734 735 737 736)
4(736 737 739 738)
4(0 2 3 1)
4(2 4 5 3)
4(4 6 7 5)
4(6 8 9 7)
4(8 10 11 9)
4(10 12 13 11)
4(12 14 15 13)
4(14 16 17 15)
4(16 18 19 17)
4(18 20 21 19)
4(20 22 23 21)
4(22 24 25 23)
4(24 26 27 25)
4(26 28 29 27)
4(28 30 31 29)
4(30 32 33 31)
4(32 34 35 33)
4(34 36 37 35)
4(36 38 39 37)
4(38 40 41 39)
4(40 42 43 41)
4(42 44 45 43)
4(44 46 47 45)
4(46 48 49 47)
4(48 50 51 49)
4(50 52 53 51)
4(52 54 55 53)
4(54 56 57 55)
4(56 58 59 57)
4(58 60 61 59)
4(60 62 63 61)
4(62 64 65 63)
4(64 66 67 65)
4(66 68 69 67)
4(68 70 71 69)
4(70 72 73 71)
4(72 74 75 73)
4(74 76 77 75)
4(76 78 79 77)
4(78 80 81 79)
4(80 82 83 81)
4(82 84 85 83)
4(84 86 87 85)
4(86 88 89 87)
4(88 90 91 89)
4(90 92 93 91)
4(92 94 95 93)
4(94 96 97 95)
4(96 98 99 97)
4(98 100 101 99)
4(100 102 103 101)
4(102 104 105 103)
4(104 106 107 105)
4(106 108 109 107)
4(108 110 111 109)
4(110 112 113 111)
4(112 114 115 113)
4(114 116 117 115)
4(116 118 119 117)
4(118 120 121 119)
4(120 122 123 121)
4(122 124 125 123)
4(124 126 127 125)
4(126 128 129 127)
4(128 130 131 129)
4(130 132 133 131)
4(132 134 135 133)
4(134 136 137 135)
4(136 138 139 137)
4(138 140 141 139)
4(140 142 143 141)
4(142 144 145 143)
4(144 146 147 145)
4(146 148 149 147)
4(148 150 151 149)
4(150 152 153 151)
4(152 154 155 153)
4(154 156 157 155)
4(156 158 159 157)
4(158 160 161 159)
4(160 162 163 161)
4(162 164 165 163)
4(164 166 167 165)
4(166 168 169 167)
4(168 170 171 169)
4(170 172 173 171)
4(172 174 175 173)
4(174 176 177 175)
4(176 178 179 177)
4(178 180 181 179)
4(180 182 183 181)
4(182 184 185 183)
4(184 186 187 185)
4(186 188 189 187)
4(188 190 191 189)
4(190 192 193 191)
4(192 194 195 193)
4(194 196 197 195)
4(196 198 199 197)
4(198 200 201 199)
4(200 202 203 201)
4(202 204 205 203)
4(204 206 207 205)
4(206 208 209 207)
4(208 210 211 209)
4(210 212 213 211)
4(212 214 215 213)
4(214 216 217 215)
4(216 218 219 217)
4(218 220 221 219)
4(220 222 223 221)
4(222 224 225 223)
4(224 226 227 225)
4(226 228 229 227)
4(228 230 231 229)
4(230 232 233 231)
4(232 234 235 233)
4(234 236 237 235)
4(236 238 239 237)
4(238 240 241 239)
4(240 242 243 241)
4(242 244 245 243)
4(244 246 247 245)
4(246 248 249 247)
4(248 250 251 249)
4(250 252 253 251)
4(252 254 255 253)
4(254 256 257 255)
4(256 258 259 257)
4(258 260 261 259)
4(260 262 263 261)
4(262 264 265 263)
4(264 266 267 265)
4(266 268 269 267)
4(268 270 271 269)
4(270 272 273 271)
4(272 274 275 273)
4(274 276 277 275)
4(276 278 279 277)
4(278 280 281 279)
4(280 282 283 281)
4(282 284 285 283)
4(284 286 287 285)
4(286 288 289 287)
4(288 290 291 289)
4(290 292 293 291)
4(292 294 295 293)
4(294 296 297 295)
4(296 298 299 297)
4(298 300 301 299)
4(300 302 303 301)
4(302 304 305 303)
4(304 306 307 305)
4(306 308 309 307)
4(308 310 311 309)
4(310 312 313 311)
4(312 314 315 313)
4(314 316 317 315)
4(316 318 319 317)
4(318 320 321 319)
4(320 322 323 321)
4(322 324 325 323)
4(324 326 327 325)
4(326 328 329 327)
4(328 330 331 329)
4(330 332 333 331)
4(332 334 335 333)
4(334 336 337 335)
4(336 338 339 337)
4(338 340 341 339)
4(340 342 343 341)
4(342 344 345 343)
4(344 346 347 345)
4(346 348 349 347)
4(348 350 351 349)
4(350 352 353 351)
4(352 354 355 353)
4(354 356 357 355)
4(356 358 359 357)
4(358 360 361 359)
4(360 362 363 361)
4(362 364 365 363)
4(364 366 367 365)
4(366 368 369 367)

)