7.49676
7.49676
7.49672
7.49358
7.45679
7.16799
6.50432
5.97304
5.70651
5.62541
5.57445
5.54136
5.51886
5.50282
5.49088
5.48169
5.47434
5.46834
5.46327
5.45896
5.45516
5.45182
5.44881
5.44663
5.45616
5.62393
6.30397
6.99166
6.17582
5.5421
5.42844
5.4188
5.41463
5.41079
5.40716
5.40366
5.40034
5.39712
5.39408
5.39111
5.3883
5.38556
5.38296
5.38043
5.37802
5.37566
5.37343
5.37124
5.36916
5.36712
5.36519
5.36329
5.36148
5.35971
5.35803
5.35638
5.3548
5.35325
5.35178
5.35034
5.34897
5.34763
5.34635
5.34509
5.34389
5.3427
5.34158
5.34048
5.33943
5.3384
5.33742
5.33646
5.33554
5.33464
5.33377
5.33295
5.33213
5.3314
5.33064
5.33
5.32945
5.3309
5.34291
5.35522
5.36765
5.38015
5.39273
5.40536
5.41807
5.43083
5.44366
5.45654
5.46948
5.48249
5.49555
5.50867
5.52184
5.53508
5.54836
5.56171
5.57509
5.58853
5.60201
5.61554
5.62912
5.64273
5.65638
5.67007
5.68378
5.69753
5.7113
5.72509
5.73892
5.75269
5.76654
5.78036
5.79419
5.80799
5.82179
5.83556
5.84929
5.86299
5.87663
5.89022
5.90374
5.91718
5.93053
5.94378
5.95692
5.96992
5.9828
5.99577
6.00805
6.0147
6.03849
6.06551
6.08337
6.10134
6.12121
6.14323
6.16718
6.1928
6.21982
6.24799
6.27712
6.30702
6.33756
6.36863
6.40014
6.43204
6.46429
6.49685
6.5297
6.56281
6.59616
6.62969
6.66336
6.69711
6.73085
6.76451
6.798
6.83124
6.86414
6.89662
6.92859
6.96
6.99078
7.02089
7.05028
7.07893
7.10684
7.134
7.16044
7.18624
7.21147
7.2363
7.26084
7.28538
7.31061
7.33744
7.36737
7.4028
7.44669
7.49677
13.1253
13.1253
13.1253
13.1275
13.1546
13.3937
13.9731
14.3829
13.9009
13.9656
14.0361
14.048
14.051
14.0489
14.0437
14.0362
14.0272
14.0167
14.0049
13.9915
13.9764
13.9589
13.9384
13.913
13.8692
13.6546
12.8971
-4.82177
13.0908
13.797
13.9525
13.9911
14.0174
14.039
14.0575
14.0736
14.0879
14.1009
14.1126
14.1234
14.1333
14.1426
14.1512
14.1593
14.1668
14.174
14.1807
14.1871
14.1932
14.199
14.2045
14.2097
14.2147
14.2195
14.2241
14.2285
14.2327
14.2368
14.2407
14.2445
14.2481
14.2516
14.2549
14.2582
14.2613
14.2643
14.2673
14.2701
14.2729
14.2757
14.2785
14.2814
14.2681
14.2734
14.2005
14.2536
-3.70209
14.2698
13.8808
14.2182
14.2284
14.6739
14.8839
14.9393
14.9675
14.9841
14.994
14.9996
15.0022
15.0026
15.0013
14.9986
14.9948
14.9901
14.9845
14.9783
14.9715
14.9641
14.9562
14.948
14.9393
14.9303
14.921
14.9114
14.9015
14.8914
14.881
14.8705
14.8597
14.8488
14.8377
14.8264
14.815
14.8035
14.7919
14.7801
14.7683
14.7564
14.7444
14.7324
14.7203
14.7082
14.6961
14.6839
14.6718
14.6597
14.6476
14.6355
14.6235
14.6116
14.5998
14.5878
14.5765
14.5708
14.548
14.522
14.5052
14.4884
14.4697
14.449
14.4263
14.402
14.3763
14.3495
14.3216
14.293
14.2637
14.2339
14.2035
14.1727
14.1416
14.11
14.0781
14.046
14.0135
13.9808
13.9479
13.9149
13.8819
13.8489
13.816
13.7834
13.751
13.7191
13.6876
13.6567
13.6263
13.5967
13.5677
13.5394
13.5118
13.485
13.4589
13.4334
13.4085
13.3839
13.3596
13.3354
13.3104
13.2838
13.2541
13.2189
13.1752
13.1253
0.00046304
0.00046304
0.00046303
0.000463021
0.000465781
0.000497433
0.000728684
0.0014372
0.00229107
0.00267447
0.00295533
0.0031564
0.0033024
0.00341132
0.00349504
0.00356131
0.00361516
0.00366002
0.00369815
0.00373124
0.00376037
0.00378647
0.00381011
0.00383234
0.00386479
0.00410093
0.00671669
0.0201179
0.00596836
0.00411646
0.00402563
0.00405526
0.0040889
0.00412138
0.00415271
0.00418287
0.00421201
0.00424011
0.0042673
0.00429355
0.00431898
0.00434355
0.00436737
0.0043904
0.00441275
0.00443436
0.00445535
0.00447565
0.00449537
0.00451446
0.004533
0.00455094
0.00456838
0.00458527
0.00460167
0.00461756
0.00463298
0.00464792
0.00466245
0.00467651
0.00469018
0.00470342
0.00471628
0.00472872
0.0047408
0.0047525
0.00476387
0.00477486
0.00478554
0.00479586
0.00480589
0.00481558
0.00482504
0.00483411
0.00484315
0.00485147
0.00486005
0.00486746
0.00487536
0.00488197
0.00488793
0.00487315
0.00475104
0.0046292
0.00450976
0.00439296
0.00427893
0.00416764
0.00405908
0.00395318
0.00384993
0.00374926
0.00365113
0.00355551
0.00346233
0.00337157
0.00328316
0.0031971
0.0031133
0.00303175
0.0029524
0.00287522
0.00280015
0.00272716
0.00265622
0.00258729
0.00252032
0.00245528
0.00239214
0.00233085
0.00227139
0.00221372
0.00215783
0.00210358
0.00205109
0.00200024
0.001951
0.00190336
0.00185727
0.00181272
0.00176966
0.00172807
0.00168792
0.00164919
0.00161184
0.00157585
0.00154119
0.00150785
0.00147579
0.00144499
0.00141547
0.00138746
0.00136002
0.00132716
0.00131015
0.00129237
0.00126075
0.00122518
0.00118796
0.00114986
0.00111122
0.00107232
0.00103344
0.000994828
0.000956728
0.000919357
0.000882919
0.000847594
0.00081354
0.000780894
0.000749772
0.000720262
0.000692429
0.00066631
0.000641916
0.000619233
0.000598222
0.000578829
0.000560981
0.000544598
0.000529593
0.000515874
0.000503352
0.000491941
0.000481556
0.000472118
0.000463551
0.000455784
0.00044875
0.000442385
0.000436631
0.000431435
0.00042675
0.000422547
0.000418817
0.000415578
0.000412836
0.000410698
0.000409638
0.000410298
0.000413905
0.000422596
0.00043943
0.00046304
0.000878274
0.000878274
0.000878297
0.000880362
0.000898726
0.000970931
0.0010313
0.00104728
0.00103844
0.00102332
0.00100828
0.000993458
0.000979162
0.00096566
0.000953074
0.000941414
0.000930627
0.000920637
0.000911363
0.000902725
0.000894653
0.000887085
0.000879966
0.00087325
0.000866895
0.00086085
0.000854873
0.000848089
0.000854305
0.000859078
0.000863479
0.000867682
0.000871708
0.00087557
0.000879276
0.000882834
0.000886252
0.000889536
0.000892692
0.000895727
0.000898644
0.000901449
0.000904146
0.00090674
0.000909233
0.00091163
0.000913934
0.000916148
0.000918276
0.00092032
0.000922283
0.000924169
0.000925979
0.000927716
0.000929382
0.000930981
0.000932514
0.000933983
0.000935391
0.00093674
0.000938031
0.000939267
0.00094045
0.000941582
0.000942663
0.000943697
0.000944684
0.000945627
0.000946527
0.000947386
0.000948205
0.000948985
0.000949729
0.000950437
0.000951111
0.00095175
0.000952353
0.000952912
0.000953417
0.000953834
0.000954091
0.000954024
0.000953431
0.0009526
0.000951665
0.000950687
0.000949691
0.00094869
0.000947689
0.000946692
0.0009457
0.000944713
0.000943732
0.000942759
0.000941792
0.000940833
0.000939881
0.000938938
0.000938004
0.000937079
0.000936163
0.000935257
0.000934361
0.000933476
0.000932601
0.000931738
0.000930886
0.000930046
0.000929218
0.000928403
0.000927601
0.000926811
0.000926035
0.000925272
0.000924523
0.000923788
0.000923068
0.000922362
0.000921671
0.000920994
0.000920333
0.000919687
0.000919057
0.000918443
0.000917844
0.000917262
0.000916696
0.000916149
0.00091562
0.000915114
0.000914637
0.000914203
0.000913841
0.000913557
0.000913188
0.000912685
0.000912076
0.00091138
0.000910619
0.000909807
0.000908952
0.000908062
0.000907142
0.000906197
0.000905233
0.000904253
0.000903264
0.000902268
0.000901272
0.000900278
0.000899291
0.000898314
0.00089735
0.000896402
0.000895472
0.000894562
0.000893674
0.00089281
0.00089197
0.000891154
0.000890364
0.0008896
0.000888862
0.000888149
0.000887461
0.000886798
0.000886159
0.000885544
0.000884952
0.000884382
0.000883832
0.000883303
0.000882794
0.000882302
0.000881828
0.000881371
0.000880929
0.000880501
0.000880088
0.000879688
0.0008793
0.000878928
0.000878577
0.000878274
0.000511983
0.000511983
0.000511914
0.000507091
0.000464112
0.000293445
0.000135027
4.4111e-05
4.47222e-08
3.84394e-08
4.6024e-08
3.78522e-08
3.16475e-08
2.67798e-08
2.28544e-08
1.96072e-08
1.68582e-08
1.4483e-08
1.23945e-08
1.05301e-08
8.84434e-09
7.30332e-09
5.88101e-09
4.56291e-09
3.32634e-09
2.1611e-09
1.05855e-09
0
1.93571e-09
3.77447e-09
5.55042e-09
7.24558e-09
8.88471e-09
1.04673e-08
1.19983e-08
1.34817e-08
1.49207e-08
1.63184e-08
1.76772e-08
1.89994e-08
2.0287e-08
2.15419e-08
2.27655e-08
2.39593e-08
2.51245e-08
2.62624e-08
2.7374e-08
2.84602e-08
2.9522e-08
3.05601e-08
3.15755e-08
3.25688e-08
3.35408e-08
3.44923e-08
3.54239e-08
3.63366e-08
3.72309e-08
3.81077e-08
3.89675e-08
3.98112e-08
4.06393e-08
4.14522e-08
4.22505e-08
4.30345e-08
4.3805e-08
4.45635e-08
4.53126e-08
4.60572e-08
4.68049e-08
4.75661e-08
4.83576e-08
4.92205e-08
4.31914e-08
4.49947e-08
2.27994e-08
3.69146e-08
0
4.22198e-08
1.16586e-09
2.59308e-08
2.83266e-08
1.73773e-06
1.34329e-05
2.50504e-05
3.64448e-05
4.7613e-05
5.85572e-05
6.92807e-05
7.97867e-05
9.00782e-05
0.000100158
0.00011003
0.000119695
0.000129156
0.000138417
0.000147479
0.000156344
0.000165015
0.000173494
0.000181784
0.000189886
0.000197803
0.000205537
0.000213089
0.000220463
0.000227659
0.000234681
0.00024153
0.000248209
0.000254718
0.000261061
0.000267239
0.000273254
0.000279108
0.000284803
0.00029034
0.000295723
0.000300951
0.000306029
0.000310956
0.000315736
0.000320369
0.000324858
0.000329204
0.000333409
0.000337474
0.000341402
0.000345194
0.000348852
0.00035238
0.00035578
0.000359061
0.000362244
0.000365417
0.000368692
0.000372189
0.000375959
0.000380003
0.000384297
0.000388805
0.000393483
0.000398285
0.000403166
0.000408084
0.000413
0.000417879
0.000422692
0.000427413
0.000432021
0.000436499
0.000440834
0.000445017
0.00044904
0.0004529
0.000456594
0.000460123
0.000463488
0.000466692
0.000469738
0.000472633
0.00047538
0.000477985
0.000480456
0.000482798
0.000485018
0.000487123
0.000489119
0.000491013
0.00049281
0.000494518
0.000496143
0.000497689
0.000499163
0.000500571
0.000501916
0.000503205
0.000504441
0.000505628
0.000506771
0.000507874
0.000508939
0.000509972
0.000510979
0.000511979
