7.49676
7.49676
7.49674
7.49515
7.47456
7.26571
6.63142
6.05901
5.74173
5.63865
5.58351
5.54823
5.52418
5.50698
5.49416
5.48429
5.47642
5.47001
5.46462
5.46005
5.45603
5.45252
5.44934
5.44686
5.45344
5.59922
6.2754
6.99166
6.14456
5.52394
5.42638
5.41792
5.41365
5.40964
5.40588
5.40223
5.3988
5.39546
5.39231
5.38925
5.38636
5.38354
5.38087
5.37827
5.37581
5.3734
5.37112
5.36889
5.36678
5.36471
5.36275
5.36083
5.35901
5.35723
5.35553
5.35387
5.35228
5.35073
5.34926
5.34782
5.34645
5.34511
5.34384
5.34258
5.34138
5.34021
5.3391
5.338
5.33695
5.33591
5.33495
5.334
5.33306
5.33221
5.3314
5.3306
5.3299
5.32942
5.34143
5.35465
5.36801
5.38147
5.39502
5.40863
5.42234
5.4361
5.44995
5.46386
5.47785
5.49191
5.50604
5.52026
5.53453
5.54888
5.5633
5.5778
5.59235
5.60699
5.62168
5.63644
5.65126
5.66616
5.6811
5.69612
5.71118
5.7263
5.74148
5.7567
5.77198
5.78729
5.80265
5.81804
5.83349
5.8489
5.86439
5.87988
5.89539
5.91089
5.9264
5.9419
5.95738
5.97283
5.98825
6.00362
6.01893
6.03418
6.04934
6.06441
6.07937
6.09421
6.1089
6.12343
6.13779
6.15197
6.16627
6.17717
6.18961
6.2267
6.2484
6.26748
6.28845
6.31206
6.33808
6.36614
6.3959
6.42706
6.45936
6.49259
6.52657
6.56117
6.59626
6.63176
6.66759
6.70365
6.73988
6.77615
6.81238
6.84843
6.88416
6.91941
6.95405
6.98791
7.02085
7.05272
7.0834
7.11278
7.14078
7.16733
7.1924
7.21595
7.23801
7.25861
7.2778
7.29568
7.31237
7.32806
7.34294
7.35719
7.37158
7.38698
7.40495
7.428
7.45934
7.49677
13.1253
13.1253
13.1253
13.1263
13.1397
13.3069
13.8663
14.3353
14.2042
-3.68924
14.0282
14.045
14.0534
14.0547
14.0516
14.0455
14.0374
14.0275
14.0161
14.003
13.9881
13.9708
13.9505
13.9253
13.8844
13.6918
12.9381
-4.82177
13.129
13.8221
13.9615
13.9989
14.0253
14.0471
14.0657
14.082
14.0964
14.1095
14.1213
14.1321
14.1421
14.1514
14.1601
14.1682
14.1757
14.1829
14.1896
14.1961
14.2021
14.2079
14.2133
14.2185
14.2235
14.2283
14.2328
14.2372
14.2414
14.2454
14.2493
14.253
14.2566
14.2601
14.2635
14.2667
14.2699
14.2729
14.2759
14.2793
14.2684
14.1908
14.2429
14.2576
-3.70766
14.2377
14.2828
14.2765
14.1597
14.2916
14.8713
14.9368
14.9678
14.9853
14.9953
15.0006
15.0027
15.0025
15.0004
14.9969
14.9922
14.9866
14.98
14.9728
14.9649
14.9565
14.9475
14.9381
14.9283
14.9181
14.9076
14.8968
14.8857
14.8742
14.8626
14.8507
14.8386
14.8263
14.8138
14.8011
14.7882
14.7752
14.762
14.7487
14.7352
14.7217
14.708
14.6943
14.6804
14.6665
14.6525
14.6384
14.6243
14.6102
14.596
14.5819
14.5677
14.5535
14.5394
14.5253
14.5113
14.4974
14.4836
14.4699
14.4563
14.4429
14.4293
14.4191
14.4073
14.371
14.3501
14.3318
14.3117
14.289
14.264
14.2369
14.2081
14.1779
14.1466
14.1144
14.0813
14.0476
14.0134
13.9787
13.9437
13.9084
13.8729
13.8373
13.8017
13.7662
13.7311
13.6963
13.6622
13.6288
13.5963
13.5648
13.5345
13.5055
13.4778
13.4516
13.4268
13.4035
13.3817
13.3614
13.3424
13.3247
13.3082
13.2928
13.2781
13.264
13.2498
13.2345
13.2167
13.1938
13.1626
13.1253
0.00046304
0.00046304
0.000463027
0.000462892
0.000464411
0.000484409
0.000653847
0.00125668
0.00214579
0.00260685
0.00290293
0.00311337
0.00326721
0.00338272
0.00347182
0.00354245
0.00359979
0.00364748
0.00368792
0.00372291
0.00375363
0.00378107
0.00380586
0.00382895
0.00385936
0.00406203
0.00650415
0.0201179
0.00579828
0.00409713
0.00402945
0.00406207
0.00409726
0.00413116
0.00416383
0.00419525
0.00422557
0.00425477
0.004283
0.0043102
0.00433652
0.00436191
0.0043865
0.00441023
0.00443322
0.00445542
0.00447693
0.00449772
0.00451787
0.00453735
0.00455623
0.00457449
0.0045922
0.00460932
0.00462593
0.00464199
0.00465756
0.00467263
0.00468726
0.00470141
0.00471514
0.00472843
0.00474133
0.0047538
0.0047659
0.00477761
0.00478898
0.00479997
0.00481069
0.00482118
0.00483112
0.00484072
0.00485043
0.00485913
0.00486756
0.00487571
0.00488325
0.00488839
0.0047659
0.0046348
0.00450633
0.00438086
0.00425855
0.00413939
0.00402335
0.00391037
0.00380042
0.00369341
0.0035893
0.00348801
0.00338951
0.00329373
0.00320061
0.0031101
0.00302214
0.00293669
0.00285368
0.00277308
0.00269482
0.00261887
0.00254516
0.00247367
0.00240431
0.00233707
0.00227189
0.00220873
0.00214754
0.00208827
0.00203089
0.00197536
0.00192162
0.00186964
0.00181941
0.00177079
0.00172388
0.00167855
0.00163479
0.00159255
0.00155182
0.00151254
0.00147468
0.00143822
0.00140312
0.00136935
0.00133688
0.00130567
0.00127571
0.00124695
0.00121938
0.00119297
0.00116768
0.00114351
0.00112045
0.00109849
0.00107795
0.00105486
0.00103294
0.0010334
0.00101346
0.000986619
0.00095792
0.000928609
0.000898955
0.000869135
0.000839332
0.000809739
0.000780557
0.000751981
0.000724195
0.000697369
0.000671656
0.000647186
0.000624062
0.00060236
0.000582126
0.000563374
0.000546091
0.000530238
0.000515757
0.000502575
0.000490611
0.000479779
0.000469993
0.000461171
0.000453232
0.000446105
0.000439718
0.000434008
0.000428915
0.000424381
0.000420355
0.00041679
0.000413645
0.000410892
0.000408524
0.000406563
0.000405045
0.000404
0.000403924
0.000405468
0.000409897
0.000419476
0.000437574
0.00046304
0.000878274
0.000878274
0.000878286
0.000879588
0.000893488
0.000958006
0.00102181
0.00104509
0.00104274
0.0010269
0.00101249
0.00099839
0.000984538
0.000971186
0.00095852
0.000946618
0.000935483
0.000925081
0.000915355
0.000906247
0.000897699
0.000889657
0.000882073
0.000874903
0.000868111
0.000861646
0.000855281
0.000848089
0.000854619
0.00085966
0.000864326
0.000868781
0.000873046
0.00087713
0.000881045
0.000884796
0.000888394
0.000891844
0.000895153
0.000898326
0.00090137
0.000904288
0.000907087
0.000909771
0.000912343
0.000914808
0.000917169
0.000919431
0.000921597
0.00092367
0.000925654
0.000927551
0.000929365
0.0009311
0.000932756
0.000934338
0.000935849
0.00093729
0.000938664
0.000939974
0.000941222
0.00094241
0.000943541
0.000944617
0.00094564
0.000946612
0.000947534
0.00094841
0.000949241
0.000950028
0.000950773
0.000951476
0.000952137
0.000952752
0.000953308
0.000953781
0.000954104
0.000954133
0.000953555
0.000952674
0.000951659
0.000950588
0.000949493
0.000948391
0.000947287
0.000946186
0.000945089
0.000943997
0.000942912
0.000941833
0.000940761
0.000939697
0.000938641
0.000937593
0.000936555
0.000935526
0.000934506
0.000933497
0.000932498
0.00093151
0.000930533
0.000929569
0.000928616
0.000927675
0.000926748
0.000925833
0.000924932
0.000924045
0.000923172
0.000922313
0.000921468
0.000920639
0.000919825
0.000919026
0.000918243
0.000917476
0.000916724
0.00091599
0.000915271
0.00091457
0.000913885
0.000913217
0.000912566
0.000911933
0.000911318
0.00091072
0.00091014
0.000909578
0.000909034
0.00090851
0.000908006
0.000907525
0.000907073
0.000906663
0.000906318
0.00090608
0.000905877
0.000905506
0.000904994
0.000904373
0.000903676
0.000902924
0.000902132
0.000901311
0.000900466
0.000899603
0.000898728
0.000897846
0.000896961
0.000896078
0.000895201
0.000894335
0.000893483
0.000892647
0.000891831
0.000891037
0.000890267
0.000889521
0.000888802
0.000888109
0.000887444
0.000886806
0.000886195
0.000885611
0.000885054
0.000884521
0.000884014
0.000883531
0.00088307
0.000882631
0.000882213
0.000881814
0.000881434
0.000881071
0.000880725
0.000880393
0.000880076
0.000879771
0.000879479
0.000879199
0.00087893
0.000878675
0.000878445
0.000878274
0.000511983
0.000511983
0.000511937
0.000508906
0.00047642
0.000324565
0.000162831
6.28185e-05
1.01032e-06
0
4.65327e-08
3.92347e-08
3.39822e-08
2.93507e-08
2.53398e-08
2.18821e-08
1.88826e-08
1.62532e-08
1.39217e-08
1.18309e-08
9.93626e-09
8.20309e-09
6.60345e-09
5.12122e-09
3.73259e-09
2.42406e-09
1.18653e-09
0
2.06417e-09
4.0259e-09
5.91807e-09
7.72698e-09
9.47445e-09
1.11613e-08
1.27926e-08
1.43725e-08
1.59043e-08
1.73911e-08
1.88356e-08
2.024e-08
2.16064e-08
2.29365e-08
2.42319e-08
2.54941e-08
2.67242e-08
2.79236e-08
2.90932e-08
3.02342e-08
3.13474e-08
3.24339e-08
3.34948e-08
3.4531e-08
3.55438e-08
3.65344e-08
3.7504e-08
3.84543e-08
3.93867e-08
4.0303e-08
4.12046e-08
4.20929e-08
4.29688e-08
4.38321e-08
4.46809e-08
4.55113e-08
4.63188e-08
4.71089e-08
4.79324e-08
4.89979e-08
4.38577e-08
2.12594e-08
3.40493e-08
3.86673e-08
0
3.16624e-08
4.76074e-08
4.45755e-08
1.51146e-08
5.06865e-08
1.17983e-05
2.43534e-05
3.66655e-05
4.87251e-05
6.0532e-05
7.20893e-05
8.34002e-05
9.44681e-05
0.000105297
0.00011589
0.00012625
0.000136382
0.000146288
0.000155972
0.000165436
0.000174685
0.000183721
0.000192547
0.000201166
0.000209581
0.000217794
0.00022581
0.000233629
0.000241256
0.000248692
0.000255942
0.000263006
0.000269888
0.000276591
0.000283116
0.000289468
0.000295647
0.000301657
0.000307499
0.000313177
0.000318693
0.000324048
0.000329246
0.000334289
0.000339178
0.000343917
0.000348507
0.00035295
0.000357249
0.000361405
0.000365422
0.000369299
0.000373041
0.000376647
0.000380122
0.000383465
0.00038668
0.000389768
0.000392733
0.000395578
0.00039831
0.000400944
0.000403523
0.000406146
0.000408883
0.000411825
0.000414997
0.00041839
0.000421977
0.00042572
0.000429575
0.000433501
0.000437457
0.000441405
0.000445312
0.000449151
0.000452898
0.000456533
0.000460044
0.000463417
0.000466647
0.000469728
0.000472658
0.000475438
0.000478069
0.000480553
0.000482896
0.000485103
0.000487178
0.000489128
0.00049096
0.00049268
0.000494294
0.00049581
0.000497234
0.000498571
0.000499829
0.000501014
0.00050213
0.000503184
0.00050418
0.000505124
0.00050602
0.000506873
0.000507686
0.000508463
0.000509208
0.000509925
0.000510617
0.000511294
0.000511979
