/*--------------------------------*- C++ -*----------------------------------*\
  =========                 |
  \\      /  F ield         | OpenFOAM: The Open Source CFD Toolbox
   \\    /   O peration     | Website:  https://openfoam.org
    \\  /    A nd           | Version:  6
     \\/     M anipulation  |
\*---------------------------------------------------------------------------*/
FoamFile
{
    version     2.0;
    format      ascii;
    class       volScalarField;
    location    "25920000";
    object      h;
}
// * * * * * * * * * * * * * * * * * * * * * * * * * * * * * * * * * * * * * //

dimensions      [0 1 0 0 0 0 0];

internalField   nonuniform List<scalar> 
11830
(
10.501
10.0013
10.499
10.999
10.495
10.4904
10.4853
10.4805
10.4753
10.4705
10.4654
10.4604
10.4554
10.4504
10.4454
10.4403
10.4352
10.4303
10.4252
10.4204
10.4153
10.4104
10.4053
10.4001
10.3953
10.3902
10.3853
10.3802
10.3752
10.3702
10.365
10.3602
10.3551
10.3503
10.3451
10.3403
10.3352
10.33
10.3252
10.32
10.3152
10.3101
10.305
10.3001
10.295
10.2902
10.285
10.2802
10.275
10.2698
10.265
10.2598
10.255
10.2499
10.245
10.24
10.2351
10.2301
10.225
10.22
10.2149
10.2099
10.2049
10.1999
10.1949
10.1899
10.1849
10.1799
10.1749
10.1699
10.1648
10.1599
10.1548
10.1498
10.1448
10.1397
10.1348
10.1297
10.1249
10.1197
10.1149
10.1098
10.1048
10.0998
10.0947
10.0898
10.0847
10.0797
10.0747
10.0696
10.0646
10.0596
10.0546
10.0496
10.0445
10.0396
10.0345
10.0297
10.0245
10.0197
10.0146
10.0096
10.0048
10.0052
10.01
10.015
10.02
10.025
10.03
10.035
10.0401
10.0451
10.0501
10.0551
10.0601
10.0651
10.0701
10.0751
10.0801
10.0851
10.0901
10.0951
10.1002
10.1052
10.1102
10.1151
10.1201
10.1251
10.1303
10.1352
10.1402
10.1453
10.1503
10.1553
10.1603
10.1653
10.1703
10.1753
10.1803
10.1853
10.1903
10.1953
10.2003
10.2053
10.2103
10.2154
10.2204
10.2254
10.2304
10.2354
10.2404
10.2454
10.2504
10.2554
10.2604
10.2654
10.2705
10.2755
10.2805
10.2855
10.2905
10.2955
10.3005
10.3055
10.3105
10.3155
10.3205
10.3256
10.3306
10.3356
10.3406
10.3456
10.3506
10.3556
10.3606
10.3656
10.3706
10.3756
10.3807
10.3857
10.3907
10.3957
10.4007
10.4057
10.4107
10.4157
10.4207
10.4257
10.4307
10.4358
10.4408
10.4458
10.4508
10.4558
10.4608
10.4658
10.4708
10.4758
10.4808
10.4858
10.4908
10.4958
10.5043
10.5092
10.5142
10.5193
10.5242
10.5293
10.5342
10.5392
10.5442
10.5492
10.5542
10.5592
10.5643
10.5692
10.5743
10.5793
10.5843
10.5893
10.5943
10.5993
10.6043
10.6093
10.6143
10.6193
10.6243
10.6294
10.6344
10.6394
10.6444
10.6494
10.6544
10.6594
10.6644
10.6694
10.6745
10.6795
10.6845
10.6894
10.6945
10.6995
10.7045
10.7095
10.7145
10.7196
10.7246
10.7296
10.7346
10.7396
10.7446
10.7495
10.7546
10.7596
10.7647
10.7696
10.7746
10.7797
10.7846
10.7897
10.7946
10.7997
10.8047
10.8097
10.8148
10.8197
10.8247
10.8297
10.8348
10.8398
10.8448
10.8498
10.8548
10.8599
10.8648
10.8698
10.8749
10.8798
10.8849
10.8898
10.8948
10.8997
10.9048
10.9099
10.9148
10.9199
10.9249
10.9299
10.9349
10.9399
10.9449
10.9499
10.955
10.96
10.965
10.97
10.975
10.98
10.985
10.99
10.9949
10.9956
10.9908
10.9858
10.9809
10.9758
10.9709
10.9658
10.9608
10.9558
10.9508
10.9458
10.9408
10.9357
10.9307
10.9257
10.9207
10.9157
10.9107
10.9057
10.9007
10.8957
10.8907
10.8857
10.8806
10.8756
10.8706
10.8656
10.8606
10.8556
10.8506
10.8456
10.8406
10.8356
10.8306
10.8256
10.8205
10.8155
10.8105
10.8055
10.8005
10.7955
10.7905
10.7855
10.7805
10.7755
10.7705
10.7654
10.7604
10.7554
10.7504
10.7454
10.7404
10.7354
10.7304
10.7254
10.7204
10.7154
10.7103
10.7053
10.7003
10.6953
10.6903
10.6853
10.6803
10.6753
10.6703
10.6653
10.6603
10.6552
10.6502
10.6452
10.6402
10.6352
10.6302
10.6252
10.6202
10.6152
10.6102
10.6052
10.6001
10.5951
10.5901
10.5851
10.5801
10.5751
10.5701
10.5651
10.5601
10.5551
10.5501
10.545
10.54
10.535
10.53
10.525
10.52
10.515
10.51
10.5051
10.7446
10.2507
10.256
10.7484
10.2961
10.2107
10.7897
10.7037
10.2057
10.6995
10.301
10.7941
10.1708
10.6636
10.3359
10.8298
10.3413
10.8339
10.166
10.6594
10.6287
10.1358
10.8648
10.371
10.1309
10.3761
10.6244
10.8698
10.5977
10.1055
10.8949
10.4009
10.5943
10.8992
10.1003
10.4064
10.0804
10.5742
10.9199
10.4264
10.9243
10.4315
10.5693
10.0754
10.5481
10.9449
10.0556
10.4521
10.7246
10.2313
10.769
10.276
10.2757
10.7697
10.5492
10.0553
10.6795
10.9442
10.4515
10.8137
10.3211
10.1857
10.3158
10.8097
10.2307
10.7242
10.1908
10.6836
10.4712
10.0356
10.9642
10.5291
10.5281
10.0353
10.9651
10.4712
10.6434
10.1508
10.1201
10.6135
10.8498
10.3563
10.1155
10.3612
10.391
10.1456
10.6093
10.8837
10.8546
10.6394
10.8798
10.3857
10.4861
10.9793
10.0204
10.514
10.5141
10.0203
10.9796
10.4867
10.0654
10.5587
10.7346
10.241
10.2205
10.7145
10.7387
10.2459
10.2612
10.7546
10.266
10.7592
10.7789
10.286
10.4164
10.4414
10.9089
10.3311
10.9349
10.4411
10.6537
10.1608
10.9542
10.9343
10.4614
10.955
10.461
10.0451
10.5375
10.5392
10.0455
10.0647
10.5592
10.5793
10.6695
10.1955
10.6895
10.0855
10.8041
10.823
10.1757
10.3111
10.6494
10.1554
10.9049
10.4111
10.3057
10.2867
10.7797
10.3252
10.7135
10.8197
10.7997
10.3512
10.8443
10.2207
10.347
10.8398
10.5835
10.0904
10.1809
10.6738
10.693
10.2007
10.4961
10.9892
10.0106
10.504
10.7396
10.7377
10.7428
10.7359
10.7409
10.734
10.739
10.7322
10.7372
10.7303
10.7353
10.7285
10.7335
10.7266
10.7216
10.7198
10.7248
10.7179
10.7229
10.716
10.7211
10.7142
10.7192
10.7123
10.7174
10.7105
10.7155
10.7086
10.7137
10.7068
10.7018
10.6999
10.6949
10.6931
10.6881
10.6862
10.6812
10.6793
10.6743
10.6725
10.6675
10.6656
10.6606
10.6588
10.6537
10.6519
10.6469
10.645
10.64
10.6382
10.6432
10.6363
10.6313
10.6295
10.6245
10.6226
10.6276
10.6208
10.6157
10.6139
10.6189
10.6121
10.607
10.6052
10.6102
10.6033
10.6084
10.6015
10.5965
10.5946
10.5896
10.5878
10.5928
10.5859
10.5809
10.5791
10.5841
10.5772
10.5722
10.5704
10.5754
10.5685
10.5635
10.5617
10.5667
10.5598
10.5649
10.558
10.553
10.5511
10.5562
10.5493
10.5443
10.5424
10.5374
10.5356
10.5406
10.5337
10.5287
10.5269
10.5319
10.5251
10.52
10.5182
10.5232
10.5164
10.5214
10.5113
10.5095
10.5045
10.5026
10.4976
10.4958
10.4908
10.4889
10.4839
10.4821
10.4771
10.6981
10.4752
10.4702
10.4684
10.4734
10.4634
10.4652
10.4583
10.4602
10.4533
10.4665
10.4716
10.4552
10.4647
10.4697
10.4483
10.4501
10.4629
10.4679
10.4433
10.4451
10.461
10.466
10.4383
10.4592
10.4642
10.4401
10.4333
10.4574
10.4624
10.4351
10.4282
10.4555
10.4605
10.4301
10.4537
10.4587
10.4232
10.4251
10.4518
10.4569
10.4182
10.45
10.455
10.42
10.4132
10.4482
10.4532
10.46
10.4582
10.4651
10.4632
10.4701
10.4682
10.4751
10.4732
10.4801
10.4783
10.4851
10.4833
10.4901
10.4883
10.4951
10.4933
10.5002
10.4983
10.5052
10.5033
10.5102
10.5083
10.5152
10.5134
10.415
10.5202
10.4082
10.4063
10.4714
10.5065
10.5115
10.4013
10.3995
10.41
10.5047
10.5097
10.3944
10.3926
10.3876
10.3858
10.5028
10.5078
10.3807
10.3789
10.501
10.506
10.3739
10.3721
10.367
10.3652
10.4992
10.5042
10.3689
10.3602
10.3584
10.3533
10.3515
10.4973
10.5023
10.5092
10.5073
10.5142
10.5124
10.3465
10.3446
10.5005
10.5192
10.3396
10.3378
10.5174
10.3328
10.3309
10.5242
10.3259
10.3241
10.5224
10.3278
10.3191
10.3172
10.4463
10.5292
10.3122
10.3104
10.3154
10.3086
10.3136
10.3067
10.3118
10.3049
10.3099
10.3031
10.3081
10.2981
10.3012
10.3063
10.4168
10.4118
10.4187
10.4137
10.4205
10.4155
10.4224
10.4173
10.4242
10.4192
10.426
10.421
10.4279
10.4228
10.4297
10.4247
10.4315
10.4265
10.4334
10.4283
10.4352
10.4196
10.4302
10.437
10.432
10.4389
10.4338
10.4407
10.2994
10.3044
10.5274
10.4357
10.4425
10.4288
10.4375
10.4444
10.5342
10.2976
10.3026
10.522
10.5324
10.5256
10.4394
10.4462
10.5306
10.5237
10.2958
10.3008
10.4412
10.448
10.5393
10.6419
10.5287
10.5219
10.443
10.4499
10.2939
10.2989
10.2889
10.5269
10.52
10.4449
10.4517
10.438
10.4467
10.4536
10.4586
10.4604
10.5251
10.5182
10.4554
10.4623
10.4673
10.4691
10.4641
10.471
10.476
10.4778
10.4728
10.4797
10.4847
10.4865
10.4815
10.4884
10.4934
10.4953
10.4902
10.2871
10.2821
10.5003
10.4971
10.5232
10.5164
10.4921
10.2802
10.2752
10.5214
10.5145
10.5301
10.4989
10.4939
10.5195
10.5127
10.2734
10.2684
10.5177
10.5109
10.5058
10.504
10.499
10.509
10.5008
10.4957
10.4494
10.2665
10.2615
10.4972
10.4921
10.5271
10.5289
10.5339
10.5357
10.5408
10.5426
10.5476
10.5494
10.5545
10.5563
10.5613
10.5631
10.5682
10.57
10.575
10.5768
10.5819
10.5837
10.5887
10.5905
10.5956
10.5974
10.6024
10.6042
10.6093
10.6111
10.6161
10.6179
10.623
10.6248
10.6211
10.6298
10.6316
10.6367
10.6385
10.6435
10.6453
10.6504
10.6522
10.6572
10.659
10.6641
10.6659
10.6609
10.6677
10.6627
10.6696
10.6746
10.6764
10.6714
10.6783
10.6833
10.6851
10.6801
10.687
10.692
10.6938
10.6554
10.6988
10.7007
10.6957
10.7025
10.7075
10.7094
10.7043
10.7112
10.7062
10.713
10.7181
10.7199
10.7149
10.7217
10.7267
10.7286
10.7336
10.7354
10.7404
10.7423
10.7167
10.7473
10.7491
10.7542
10.756
10.751
10.7578
10.7629
10.7647
10.7597
10.7697
10.7716
10.6198
10.7766
10.7784
10.5026
10.4976
10.4907
10.4926
10.7834
10.4903
10.4853
10.2597
10.2647
10.2547
10.4857
10.7853
10.7903
10.4994
10.4944
10.445
10.7147
10.7523
10.2579
10.2629
10.4835
10.4784
10.3058
10.304
10.5013
10.4962
10.7921
10.7971
10.7953
10.4402
10.3634
10.256
10.261
10.4766
10.4716
10.8021
10.3108
10.309
10.5855
10.804
10.5031
10.4981
10.809
10.8003
10.2542
10.2592
10.4698
10.4748
10.4648
10.3158
10.314
10.3054
10.7871
10.5076
10.5581
10.6706
10.5869
10.8108
10.8158
10.505
10.4999
10.493
10.4949
10.3208
10.319
10.488
10.2524
10.2574
10.2474
10.4679
10.4729
10.4329
10.4523
10.5018
10.4967
10.8177
10.8227
10.4869
10.3259
10.324
10.2505
10.2556
10.4661
10.4711
10.5036
10.4986
10.3309
10.329
10.8245
10.8295
10.8277
10.8345
10.4643
10.4693
10.2487
10.2537
10.3359
10.3341
10.3377
10.447
10.6693
10.4923
10.8314
10.8264
10.5055
10.5004
10.8327
10.4624
10.4674
10.4574
10.2469
10.2519
10.3409
10.3391
10.4711
10.4123
10.4364
10.8395
10.4666
10.4597
10.4616
10.4547
10.4566
10.4497
10.4516
10.4447
10.4465
10.4397
10.4415
10.4347
10.4365
10.4297
10.4315
10.4247
10.4265
10.4196
10.4215
10.4146
10.4165
10.4096
10.4115
10.4046
10.4064
10.3996
10.4014
10.3946
10.3964
10.3896
10.3914
10.3846
10.3827
10.3777
10.4028
10.4228
10.3759
10.3709
10.3864
10.369
10.364
10.3983
10.3622
10.3572
10.359
10.3522
10.354
10.3471
10.349
10.3421
10.7205
10.2565
10.2497
10.2515
10.2446
10.2465
10.2396
10.2414
10.2346
10.2364
10.2296
10.2314
10.2246
10.2264
10.2195
10.2214
10.2145
10.2163
10.2095
10.2127
10.2113
10.2045
10.2063
10.1995
10.2013
10.2081
10.1944
10.1926
10.2031
10.21
10.1876
10.1858
10.2049
10.2118
10.2068
10.2136
10.1807
10.1789
10.1739
10.1721
10.2086
10.2154
10.1671
10.1652
10.2104
10.2173
10.8332
10.8282
10.5073
10.5124
10.5023
10.4954
10.4972
10.2122
10.2191
10.8376
10.4903
10.2036
10.1602
10.1584
10.1634
10.1566
10.1616
10.1515
10.3459
10.3441
10.3372
10.4556
10.2451
10.2501
10.24
10.3403
10.3353
10.1547
10.1598
10.4506
10.162
10.8445
10.2141
10.2209
10.4922
10.5142
10.5192
10.3509
10.3491
10.3371
10.3303
10.8351
10.8301
10.8426
10.4853
10.2159
10.2227
10.4487
10.4437
10.2432
10.2482
10.2551
10.2533
10.2601
10.2583
10.2651
10.2633
10.2701
10.2683
10.3284
10.1529
10.158
10.3559
10.3578
10.3541
10.3321
10.3149
10.5211
10.5261
10.8369
10.8319
10.2177
10.2246
10.2296
10.2314
10.2264
10.2332
10.2383
10.2401
10.2451
10.2469
10.2419
10.2488
10.2538
10.2556
10.2606
10.2625
10.2574
10.2643
10.2693
10.2711
10.2762
10.278
10.283
10.2848
10.2899
10.2917
10.2867
10.2935
10.2985
10.3004
10.2953
10.3022
10.3072
10.3091
10.304
10.3109
10.3059
10.3127
10.3141
10.3077
10.3145
10.3095
10.3164
10.3214
10.3232
10.3182
10.325
10.3282
10.2593
10.32
10.3269
10.3027
10.8495
10.4871
10.3218
10.3287
10.361
10.3591
10.366
10.2109
10.8476
10.2464
10.4419
10.4369
10.1511
10.1561
10.4803
10.3237
10.3305
10.3356
10.3374
10.3424
10.3442
10.3392
10.3461
10.3493
10.5411
10.5461
10.494
10.489
10.4959
10.51
10.3234
10.3216
10.3166
10.341
10.3479
10.4183
10.5479
10.553
10.2204
10.8388
10.8338
10.8438
10.528
10.533
10.3641
10.371
10.3429
10.3497
10.3168
10.4908
10.4977
10.8545
10.5548
10.5598
10.4743
10.4724
10.4793
10.4775
10.4843
10.4825
10.4893
10.4875
10.4943
10.4925
10.4993
10.4975
10.5044
10.5025
10.5094
10.5075
10.4957
10.5144
10.5162
10.5212
10.5231
10.5125
10.5281
10.5299
10.5349
10.5368
10.5418
10.5436
10.8563
10.3147
10.3097
10.1493
10.1543
10.1443
10.435
10.43
10.2332
10.8526
10.8458
10.5616
10.5667
10.5648
10.5717
10.5698
10.5767
10.5748
10.5817
10.5798
10.5867
10.5849
10.5917
10.5899
10.5967
10.5986
10.5949
10.6036
10.6054
10.6104
10.6123
10.6173
10.6191
10.6241
10.6259
10.631
10.6328
10.6223
10.6378
10.6396
10.6447
10.6465
10.6515
10.6533
10.6278
10.6584
10.6602
10.6552
10.662
10.667
10.6689
10.6497
10.5735
10.6639
10.6707
10.6757
10.6776
10.6826
10.6844
10.6894
10.6912
10.2751
10.3573
10.6657
10.6963
10.6981
10.6931
10.6999
10.8613
10.8632
10.54
10.7049
10.7068
10.7018
10.7086
10.3447
10.3516
10.3566
10.3584
10.3634
10.3653
10.3602
10.3671
10.3621
10.3689
10.374
10.3758
10.3708
10.3776
10.3827
10.3845
10.3795
10.3863
10.3914
10.3932
10.3881
10.395
10.4
10.4019
10.5486
10.5505
10.7136
10.7155
10.7104
10.7173
10.7123
10.7191
10.7241
10.726
10.721
10.7278
10.7328
10.7347
10.7297
10.7365
10.7415
10.7433
10.7484
10.7502
10.7452
10.752
10.757
10.7589
10.7539
10.7607
10.7557
10.7626
10.7676
10.7694
10.7744
10.7762
10.4927
10.3968
10.4037
10.2328
10.44
10.3692
10.376
10.8407
10.8357
10.8288
10.8307
10.8238
10.8257
10.8188
10.8207
10.8138
10.8157
10.8088
10.8106
10.8038
10.8056
10.7988
10.8006
10.7938
10.7956
10.7888
10.7906
10.7838
10.7856
10.7788
10.7769
10.7719
10.7701
10.765
10.7632
10.7806
10.7582
10.7563
10.7513
10.7495
10.7445
10.7426
10.7376
10.7358
10.7308
10.7289
10.7239
10.722
10.717
10.7152
10.7102
10.7083
10.7033
10.7015
10.6965
10.6946
10.6896
10.6878
10.7133
10.6827
10.6809
10.6859
10.6791
10.4996
10.5349
10.5399
10.3778
10.3829
10.4069
10.674
10.6722
10.288
10.6772
10.6704
10.6653
10.6635
10.6685
10.6616
10.6566
10.6548
10.6598
10.6529
10.6479
10.6461
10.6511
10.6442
10.6392
10.6374
10.6424
10.6355
10.6305
10.6287
10.6337
10.6269
10.6218
10.62
10.625
10.6182
10.6131
10.6113
10.6163
10.6095
10.6044
10.6026
10.5976
10.5958
10.6944
10.5555
10.5573
10.8508
10.8439
10.4945
10.3987
10.4055
10.8682
10.87
10.1475
10.1525
10.1593
10.1575
10.1643
10.1625
10.1694
10.1675
10.3079
10.3129
10.3029
10.4332
10.4382
10.3378
10.7812
10.7831
10.6145
10.7532
10.7545
10.4384
10.7576
10.381
10.3879
10.1744
10.1726
10.5907
10.5889
10.8325
10.8025
10.5014
10.4005
10.4074
10.588
10.593
10.5862
10.5912
10.5844
10.5894
10.5825
10.5875
10.5944
10.5926
10.5994
10.5976
10.6044
10.6026
10.6094
10.6076
10.5623
10.272
10.5418
10.5468
10.5449
10.5518
10.55
10.5568
10.555
10.5619
10.56
10.5669
10.565
10.5719
10.5701
10.5769
10.5751
10.582
10.5801
10.587
10.5851
10.592
10.5901
10.597
10.5952
10.5883
10.5933
10.6002
10.5983
10.5915
10.5965
10.6033
10.6015
10.5946
10.6084
10.5996
10.5928
10.5978
10.5909
10.5959
10.5891
10.5941
10.5872
10.601
10.5922
10.5854
10.5904
10.5835
10.5885
10.5817
10.5867
10.5798
10.5936
10.5748
10.573
10.578
10.5711
10.5822
10.5661
10.5642
10.5693
10.5624
10.5574
10.5555
10.5606
10.5537
10.5487
10.5468
10.5518
10.545
10.54
10.5381
10.5431
10.5363
10.5313
10.5294
10.5344
10.5276
10.5326
10.5257
10.5244
10.5308
10.5239
10.5807
10.7881
10.7899
10.7849
10.7918
10.7968
10.4964
10.8489
10.4876
10.6144
10.875
10.8769
10.5523
10.3847
10.5732
10.4534
10.8175
10.7507
10.3908
10.5008
10.4274
10.7326
10.7875
10.7825
10.2615
10.4926
10.5376
10.5939
10.5871
10.582
10.5802
10.7092
10.5376
10.5189
10.517
10.522
10.5152
10.5202
10.5133
10.5102
10.7279
10.7339
10.4124
10.4142
10.4092
10.4161
10.4865
10.3072
10.3004
10.3483
10.5852
10.5784
10.5734
10.5715
10.5665
10.5647
10.5596
10.5578
10.5528
10.551
10.5459
10.5441
10.386
10.3929
10.7526
10.7868
10.5184
10.5115
10.1607
10.1457
10.4313
10.4363
10.3011
10.296
10.411
10.4179
10.8819
10.8837
10.6126
10.5605
10.7862
10.1794
10.1776
10.5391
10.6983
10.5838
10.5687
10.5537
10.3936
10.5926
10.5663
10.4229
10.4248
10.4197
10.3116
10.3911
10.3979
10.3842
10.5372
10.3022
10.2953
10.3222
10.7187
10.7255
10.5165
10.5097
10.5046
10.5028
10.7936
10.7886
10.7893
10.7843
10.5033
10.4982
10.5989
10.5674
10.4295
10.4345
10.4245
10.88
10.8887
10.8906
10.3428
10.5132
10.3553
10.3603
10.3535
10.3585
10.3517
10.3567
10.3498
10.3548
10.348
10.353
10.3461
10.3512
10.358
10.3562
10.7969
10.3227
10.363
10.3612
10.7457
10.6195
10.6213
10.2942
10.2892
10.3493
10.1844
10.1826
10.1757
10.1808
10.1739
10.1789
10.5834
10.556
10.4266
10.4215
10.3961
10.4029
10.5078
10.501
10.4959
10.4941
10.4991
10.4923
10.5615
10.8856
10.8925
10.8875
10.8943
10.8893
10.8993
10.4379
10.5083
10.368
10.3662
10.373
10.3712
10.378
10.3762
10.3694
10.3744
10.3831
10.7475
10.5322
10.2972
10.2903
10.5318
10.7237
10.7305
10.2665
10.2596
10.7955
10.7905
10.7912
10.7862
10.8962
10.8912
10.5102
10.5152
10.6176
10.6263
10.6281
10.5655
10.5304
10.5354
10.6108
10.5957
10.5566
10.2642
10.4284
10.4234
10.4298
10.4011
10.4079
10.5234
10.4973
10.4904
10.2885
10.2835
10.2816
10.7793
10.7812
10.502
10.5724
10.4226
10.4176
10.1721
10.1771
10.3675
10.3725
10.2874
10.2824
10.2924
10.6331
10.635
10.4165
10.6158
10.2483
10.4302
10.4252
10.4061
10.4129
10.7407
10.4891
10.1839
10.1821
10.1862
10.1913
10.2921
10.3997
10.4148
10.4198
10.418
10.4248
10.423
10.4298
10.428
10.4348
10.433
10.5642
10.5246
10.2766
10.7287
10.7973
10.8023
10.7923
10.7855
10.291
10.4955
10.5286
10.5336
10.5254
10.4886
10.4836
10.4962
10.4398
10.438
10.1648
10.5147
10.5458
10.4719
10.6403
10.729
10.5582
10.4068
10.4579
10.299
10.3397
10.3328
10.3346
10.3278
10.3296
10.4806
10.3411
10.4353
10.4321
10.2748
10.7425
10.7747
10.5023
10.793
10.798
10.3992
10.8981
10.8931
10.5171
10.5222
10.3227
10.427
10.4339
10.5705
10.64
10.6418
10.189
10.1871
10.1803
10.1853
10.1921
10.1903
10.4266
10.8119
10.6089
10.6139
10.7992
10.2646
10.2578
10.4936
10.2855
10.2905
10.4158
10.4108
10.3657
10.3707
10.3775
10.3757
10.5774
10.6468
10.6487
10.4871
10.6072
10.1826
10.3246
10.4289
10.4357
10.6208
10.5267
10.1931
10.1981
10.4868
10.7355
10.7374
10.294
10.3008
10.5317
10.4417
10.5409
10.4467
10.5794
10.7337
10.7268
10.2698
10.2716
10.7999
10.8049
10.1972
10.1953
10.3071
10.4318
10.8421
10.8471
10.8539
10.8521
10.8589
10.857
10.8502
10.8639
10.8552
10.8484
10.8371
10.4784
10.2628
10.256
10.2696
10.2509
10.2491
10.2441
10.2423
10.2373
10.2473
10.2404
10.2455
10.7357
10.7942
10.6071
10.6121
10.2679
10.425
10.8999
10.8949
10.9049
10.524
10.5291
10.519
10.8533
10.8465
10.7339
10.3209
10.3159
10.3141
10.4268
10.7375
10.7444
10.7289
10.727
10.645
10.309
10.3072
10.4307
10.4376
10.2386
10.2436
10.1785
10.2837
10.2887
10.3689
10.3739
10.6537
10.6555
10.422
10.5755
10.5687
10.409
10.414
10.4039
10.2022
10.2003
10.1935
10.1985
10.5249
10.5199
10.7424
10.7443
10.8881
10.89
10.4485
10.8825
10.6505
10.6574
10.6624
10.6642
10.4535
10.568
10.3799
10.4918
10.4849
10.2647
10.2666
10.3807
10.7318
10.725
10.4211
10.722
10.7202
10.7394
10.7462
10.8968
10.8918
10.885
10.8868
10.3022
10.3003
10.1999
10.1949
10.2049
10.2958
10.3026
10.6053
10.6003
10.6103
10.5299
10.5367
10.1839
10.4319
10.63
10.4766
10.462
10.3558
10.8232
10.3314
10.3264
10.3333
10.4214
10.6899
10.5261
10.3474
10.3543
10.3525
10.3593
10.3575
10.3644
10.3625
10.3694
10.3676
10.3712
10.3762
10.3781
10.3831
10.3849
10.39
10.3881
10.3918
10.4978
10.277
10.3607
10.5203
10.8068
10.8118
10.8018
10.5309
10.536
10.8515
10.8447
10.5824
10.5737
10.5669
10.4325
10.4394
10.3282
10.3351
10.6692
10.671
10.2072
10.204
10.3968
10.3987
10.3936
10.4005
10.3955
10.4023
10.88
10.8818
10.7493
10.7511
10.3973
10.4042
10.4414
10.4395
10.3635
10.801
10.42
10.4218
10.2597
10.2505
10.2486
10.8415
10.7412
10.7481
10.7152
10.7133
10.796
10.5719
10.565
10.8583
10.2418
10.2468
10.1917
10.1967
10.4071
10.4121
10.2819
10.2869
10.2937
10.2919
10.2769
10.2987
10.2969
10.367
10.372
10.33
10.3369
10.3214
10.6761
10.6779
10.6729
10.6797
10.875
10.8768
10.7403
10.273
10.2661
10.2711
10.8029
10.2031
10.4464
10.4445
10.4514
10.4495
10.4427
10.4477
10.4409
10.4459
10.4527
10.4509
10.4577
10.4559
10.4627
10.4609
10.4678
10.4659
10.4728
10.4709
10.4778
10.4759
10.4828
10.481
10.4878
10.486
10.4928
10.491
10.4978
10.496
10.5029
10.5047
10.5097
10.5116
10.501
10.5166
10.5184
10.454
10.4892
10.4691
10.5234
10.5253
10.439
10.5134
10.5303
10.5216
10.5321
10.4846
10.5371
10.3607
10.3657
10.3589
10.3639
10.357
10.3621
10.3689
10.3671
10.3602
10.3653
10.3584
10.3634
10.3566
10.3616
10.3547
10.3598
10.3529
10.3579
10.3511
10.3685
10.3739
10.3561
10.3493
10.363
10.3442
10.3424
10.3474
10.3406
10.3355
10.5243
10.7561
10.758
10.7543
10.753
10.7598
10.7648
10.7667
10.7717
10.7617
10.4058
10.4343
10.4412
10.2953
10.2935
10.6847
10.6866
10.6816
10.6884
10.6934
10.6953
10.6902
10.6971
10.7021
10.7039
10.8496
10.8428
10.518
10.513
10.21
10.2081
10.3456
10.3387
10.2017
10.1967
10.8078
10.87
10.8718
10.5349
10.5418
10.4554
10.4604
10.4586
10.6523
10.2615
10.3991
10.406
10.4646
10.7685
10.7635
10.3515
10.5229
10.4463
10.4481
10.443
10.4499
10.4408
10.2643
10.2593
10.2693
10.3037
10.3019
10.4899
10.4968
10.4831
10.4781
10.73
10.7231
10.415
10.4168
10.7083
10.7065
10.8837
10.8987
10.8086
10.8036
10.5378
10.5429
10.541
10.5479
10.546
10.5529
10.5511
10.558
10.6034
10.6084
10.6153
10.539
10.534
10.2976
10.2908
10.3045
10.3095
10.4529
10.4037
10.2547
10.7431
10.7499
10.8651
10.1671
10.1653
10.1602
10.1584
10.1534
10.1516
10.1466
10.5442
10.304
10.4504
10.2678
10.2747
10.4656
10.3466
10.7369
10.2529
10.3894
10.6062
10.4515
10.8308
10.57
10.8478
10.841
10.836
10.8341
10.8391
10.8323
10.6135
10.3319
10.3387
10.4274
10.709
10.7108
10.4053
10.4103
10.24
10.245
10.1898
10.1949
10.2017
10.1999
10.1848
10.275
10.27
10.295
10.3001
10.3069
10.3051
10.3119
10.3101
10.6742
10.544
10.2885
10.2866
10.2917
10.2848
10.2898
10.283
10.288
10.2812
10.2761
10.2743
10.2793
10.2725
10.2675
10.2656
10.2707
10.2638
10.2688
10.262
10.267
10.2602
10.2551
10.2533
10.2483
10.2465
10.2583
10.2414
10.2396
10.2346
10.2328
10.2378
10.2309
10.236
10.2291
10.2241
10.2223
10.2273
10.2204
10.2154
10.2136
10.2186
10.2117
10.2067
10.2049
10.1999
10.198
10.2031
10.1962
10.1912
10.1894
10.2432
10.1944
10.1875
10.1825
10.1807
10.1857
10.1789
10.1839
10.1771
10.172
10.1702
10.1752
10.1684
10.1734
10.1666
10.1615
10.1597
10.1647
10.1579
10.1629
10.1561
10.151
10.1492
10.1442
10.1424
10.1611
10.1373
10.1355
10.1405
10.1337
10.1287
10.1269
10.1319
10.125
10.1301
10.1232
10.1182
10.1164
10.1214
10.1145
10.1196
10.1127
10.1178
10.1109
10.1059
10.1041
10.1091
10.1023
10.1073
10.1004
10.1055
10.0986
10.1037
10.0936
10.0918
10.0868
10.085
10.0799
10.099
10.0781
10.0832
10.0731
10.0749
10.0681
10.1113
10.1123
10.0663
10.0612
10.0699
10.1392
10.1679
10.1661
10.2606
10.4449
10.4517
10.215
10.2168
10.2131
10.2036
10.1986
10.865
10.8668
10.8731
10.411
10.4129
10.4078
10.4147
10.4197
10.4215
10.4165
10.4234
10.4284
10.4302
10.4572
10.4522
10.7531
10.7115
10.7046
10.6996
10.6978
10.7028
10.6959
10.6921
10.3904
10.4252
10.4321
10.4371
10.4389
10.4339
10.4408
10.4357
10.4426
10.4376
10.4445
10.4495
10.4513
10.4463
10.4532
10.4564
10.3438
10.3456
10.3405
10.3474
10.3524
10.3543
10.3492
10.3561
10.4654
10.4636
10.3611
10.363
10.3579
10.3648
10.4481
10.455
10.8657
10.8707
10.4237
10.4186
10.455
10.495
10.4734
10.4715
10.4762
10.4712
10.2624
10.2675
10.5399
10.5468
10.5331
10.5561
10.563
10.3169
10.3151
10.41
10.2555
10.2728
10.2797
10.2815
10.2865
10.2883
10.2934
10.2952
10.3002
10.302
10.307
10.3089
10.3039
10.3107
10.3057
10.3125
10.3176
10.3075
10.3194
10.3244
10.3262
10.3313
10.3294
10.3363
10.3344
10.3413
10.3431
10.3481
10.3463
10.3531
10.355
10.36
10.3582
10.365
10.8291
10.735
10.7419
10.3989
10.1246
10.6909
10.6891
10.6941
10.6873
10.6822
10.6804
10.6854
10.6786
10.6736
10.6717
10.6667
10.6649
10.6599
10.658
10.6699
10.653
10.6512
10.6462
10.6443
10.6393
10.6375
10.6325
10.6306
10.6356
10.6288
10.6238
10.6219
10.6169
10.6151
10.6101
10.6082
10.6032
10.6338
10.6133
10.6014
10.5964
10.5945
10.5895
10.6119
10.5877
10.5827
10.5927
10.5845
10.5777
10.717
10.7344
10.7979
10.791
10.8047
10.5018
10.5649
10.5699
10.568
10.5749
10.573
10.5799
10.5781
10.5849
10.5831
10.59
10.5881
10.595
10.5931
10.6
10.5981
10.605
10.6032
10.61
10.6082
10.615
10.6132
10.6201
10.6182
10.6251
10.6232
10.6301
10.6282
10.6351
10.6332
10.6401
10.6383
10.6451
10.6433
10.6364
10.6414
10.6483
10.6464
10.6533
10.6514
10.6583
10.6565
10.6496
10.6546
10.6615
10.6596
10.6527
10.6578
10.6646
10.6628
10.6559
10.6609
10.6541
10.6591
10.6522
10.6572
10.6503
10.6554
10.6485
10.6678
10.6535
10.6466
10.6517
10.6448
10.6585
10.6498
10.6429
10.6398
10.6472
10.648
10.6411
10.6461
10.6392
10.653
10.6342
10.6324
10.6274
10.6255
10.6345
10.6205
10.6186
10.6223
10.6443
10.6237
10.6168
10.6118
10.6099
10.6149
10.6081
10.6031
10.6012
10.5962
10.5944
10.5994
10.5925
10.5875
10.5856
10.5907
10.5838
10.5788
10.5769
10.582
10.5751
10.5801
10.5733
10.5701
10.1448
10.1498
10.1398
10.1416
10.1347
10.1366
10.1297
10.1315
10.1247
10.1265
10.1197
10.1215
10.1147
10.1165
10.1097
10.1115
10.1047
10.1065
10.0996
10.1133
10.1014
10.0946
10.3652
10.3602
10.3702
10.0594
10.0544
10.2816
10.4467
10.4536
10.5769
10.3597
10.3666
10.7158
10.7176
10.7126
10.7195
10.6204
10.2067
10.2049
10.5112
10.5062
10.508
10.5011
10.503
10.3438
10.3506
10.4961
10.498
10.86
10.8618
10.8687
10.8637
10.8568
10.8587
10.8518
10.8537
10.8468
10.8487
10.8418
10.8437
10.8368
10.8387
10.8505
10.8655
10.2926
10.2857
10.6066
10.3113
10.3163
10.8318
10.8337
10.5632
10.5582
10.22
10.2182
10.2054
10.2104
10.2004
10.0645
10.5758
10.5708
10.2565
10.8956
10.4746
10.5742
10.4861
10.2282
10.3699
10.2391
10.6295
10.5263
10.6622
10.5181
10.4917
10.3122
10.4913
10.4932
10.4862
10.4881
10.495
10.4899
10.4969
10.4918
10.4987
10.4849
10.4936
10.5006
10.4955
10.5024
10.5075
10.4973
10.4904
10.5481
10.7704
10.7654
10.7585
10.7604
10.4862
10.4811
10.3291
10.2757
10.2784
10.4634
10.5859
10.3132
10.9068
10.9118
10.9137
10.9187
10.9168
10.9236
10.9218
10.9286
10.9267
10.9336
10.9317
10.9387
10.9364
10.9297
10.9437
10.9345
10.9279
10.9329
10.926
10.6836
10.5353
10.7734
10.6047
10.45
10.251
10.1479
10.4564
10.438
10.2428
10.5917
10.5973
10.7373
10.6562
10.4325
10.4984
10.5053
10.5035
10.5103
10.5085
10.5154
10.5172
10.5135
10.5222
10.5241
10.5291
10.5309
10.536
10.5378
10.5066
10.5117
10.5048
10.5098
10.503
10.5167
10.5428
10.5447
10.5397
10.5465
10.5415
10.5484
10.5433
10.5502
10.5452
10.508
10.5011
10.541
10.5521
10.547
10.5061
10.4993
10.5479
10.4943
10.4924
10.4974
10.4906
10.4956
10.4887
10.4938
10.4869
10.4837
10.4919
10.4851
10.5402
10.542
10.4901
10.4832
10.4882
10.4814
10.4864
10.4795
10.4745
10.4727
10.4777
10.4708
10.546
10.5534
10.4677
10.5489
10.5439
10.537
10.5388
10.4874
10.8401
10.3797
10.3865
10.3815
10.3884
10.3833
10.3902
10.3852
10.392
10.387
10.3939
10.3888
10.3957
10.3907
10.3975
10.3925
10.3994
10.3944
10.4012
10.3962
10.3893
10.3912
10.3843
10.403
10.3862
10.3793
10.3811
10.388
10.3743
10.3952
10.3775
10.383
10.3898
10.4007
10.4081
10.4099
10.3848
10.3917
10.382
10.3866
10.3798
10.3935
10.3985
10.4149
10.4167
10.4003
10.4054
10.4072
10.4122
10.3885
10.4218
10.4236
10.4199
10.325
10.2336
10.7799
10.5835
10.8099
10.3122
10.3191
10.3173
10.3017
10.8058
10.4672
10.1369
10.4283
10.2949
10.712
10.7756
10.5272
10.3063
10.7754
10.682
10.5999
10.6846
10.5337
10.4042
10.2437
10.4128
10.636
10.3731
10.3209
10.5262
10.2168
10.5785
10.1757
10.2587
10.4695
10.48
10.5393
10.299
10.6589
10.6607
10.6538
10.6435
10.4413
10.6065
10.6134
10.6115
10.6184
10.6165
10.6234
10.6216
10.6284
10.6303
10.6353
10.6371
10.6266
10.6197
10.6247
10.6179
10.6421
10.644
10.6229
10.616
10.649
10.6508
10.621
10.6142
10.6092
10.6073
10.6123
10.6055
10.6005
10.5986
10.6036
10.5968
10.6471
10.6297
10.5918
10.5899
10.6458
10.6527
10.6577
10.6595
10.5949
10.5881
10.5831
10.5812
10.5762
10.5744
10.6545
10.6614
10.6664
10.6682
10.6733
10.6751
10.6801
10.682
10.687
10.6888
10.6938
10.7392
10.3186
10.7252
10.416
10.513
10.5282
10.5264
10.5332
10.5314
10.5383
10.5245
10.5296
10.5227
10.5204
10.6213
10.6195
10.6263
10.6245
10.6313
10.6295
10.6364
10.6345
10.6277
10.6327
10.6258
10.6382
10.6432
10.645
10.6501
10.6519
10.6569
10.6588
10.6638
10.6656
10.6551
10.6308
10.624
10.619
10.6171
10.6706
10.6725
10.6675
10.6743
10.6377
10.6693
10.6761
10.6812
10.683
10.678
10.6848
10.6899
10.6917
10.6867
10.6935
10.6986
10.7004
10.7054
10.7073
10.7123
10.7141
10.7091
10.716
10.721
10.7228
10.7278
10.7297
10.7347
10.7365
10.7415
10.7434
10.7484
10.7502
10.7552
10.7571
10.7621
10.7639
10.7689
10.7708
10.7758
10.711
10.7315
10.7521
10.6221
10.6153
10.6103
10.6084
10.7328
10.6034
10.6016
10.5966
10.5947
10.5897
10.5879
10.5829
10.581
10.576
10.7658
10.7041
10.2277
10.3478
10.5271
10.4365
10.6358
10.5718
10.5694
10.5675
10.5725
10.5321
10.4251
10.4905
10.4312
10.4362
10.4293
10.4343
10.4275
10.4325
10.4393
10.4375
10.4444
10.4425
10.4494
10.4475
10.4544
10.4525
10.4594
10.4576
10.4644
10.4626
10.4694
10.4676
10.4744
10.4726
10.4794
10.4776
10.4612
10.4813
10.4863
10.4713
10.4225
10.5215
10.5284
10.5266
10.5334
10.5316
10.5384
10.5403
10.5366
10.5453
10.5471
10.5297
10.273
10.1652
10.3212
10.3281
10.3231
10.235
10.6852
10.5105
10.6097
10.2903
10.1552
10.1323
10.1341
10.3113
10.3561
10.4798
10.4019
10.5717
10.7205
10.5902
10.1218
10.2588
10.7682
10.6811
10.3927
10.5239
10.2743
10.2679
10.2944
10.2127
10.6844
10.5071
10.2017
10.1948
10.2624
10.4487
10.2232
10.6569
10.3703
10.3685
10.5057
10.5107
10.5039
10.5089
10.5157
10.4413
10.4395
10.4345
10.4326
10.4276
10.4258
10.4308
10.424
10.429
10.4295
10.4545
10.5571
10.5589
10.4953
10.7931
10.7913
10.7981
10.7963
10.7894
10.7944
10.8013
10.7876
10.7926
10.7857
10.7907
10.7839
10.7889
10.7821
10.7871
10.7802
10.7957
10.7752
10.7734
10.7784
10.7715
10.7665
10.7647
10.7697
10.7629
10.7579
10.756
10.761
10.7542
10.7592
10.7523
10.7473
10.7455
10.7505
10.7405
10.7013
10.4706
10.6885
10.3266
10.6415
10.4003
10.444
10.4549
10.5401
10.5757
10.5738
10.5688
10.567
10.562
10.5601
10.5652
10.5583
10.5633
10.5565
10.5615
10.5546
10.5496
10.5478
10.5428
10.5409
10.5359
10.5341
10.5597
10.5665
10.5638
10.557
10.5588
10.6537
10.1775
10.6794
10.2072
10.1999
10.7699
10.7767
10.7465
10.5657
10.5707
10.5638
10.5328
10.7181
10.285
10.0562
10.5259
10.4051
10.5169
10.4791
10.8546
10.6996
10.7253
10.5486
10.8352
10.5095
10.2296
10.4131
10.8937
10.5742
10.4455
10.1917
10.7743
10.8726
10.8776
10.8757
10.8825
10.8844
10.8894
10.8912
10.8807
10.5365
10.5028
10.3056
10.5929
10.5063
10.4812
10.3473
10.5533
10.3479
10.4022
10.3771
10.6807
10.7186
10.751
10.654
10.7437
10.7777
10.7827
10.6751
10.4074
10.173
10.2518
10.5367
10.5291
10.5272
10.1406
10.1803
10.4586
10.3106
10.3124
10.4839
10.4614
10.6102
10.6152
10.5222
10.5204
10.5154
10.7099
10.6775
10.5348
10.5279
10.6074
10.157
10.2497
10.6427
10.5982
10.4568
10.4518
10.3632
10.37
10.3682
10.375
10.25
10.3219
10.3201
10.3269
10.3251
10.3319
10.3301
10.6348
10.4083
10.2168
10.3508
10.2236
10.7318
10.5063
10.697
10.4812
10.8105
10.8055
10.8155
10.7929
10.786
10.6709
10.1711
10.4008
10.5324
10.7144
10.7125
10.5522
10.554
10.549
10.1643
10.5094
10.5145
10.9255
10.9355
10.8405
10.8355
10.9454
10.9504
10.5397
10.5347
10.6263
10.6556
10.5498
10.5915
10.5846
10.6602
10.6652
10.6194
10.587
10.5682
10.7245
10.6116
10.8373
10.8304
10.8255
10.2556
10.7071
10.0928
10.0878
10.1329
10.4035
10.4085
10.1179
10.3133
10.4485
10.4554
10.0493
10.0476
10.4922
10.4992
10.8962
10.8981
10.766
10.2228
10.3529
10.1273
10.8354
10.8286
10.7487
10.3268
10.1967
10.2331
10.2281
10.2432
10.2482
10.2682
10.143
10.148
10.183
10.178
10.193
10.2982
10.1029
10.3233
10.3283
10.3633
10.3683
10.0577
10.0627
10.1707
10.8441
10.9404
10.2574
10.9308
10.9241
10.3615
10.3684
10.3735
10.3753
10.3702
10.3771
10.6792
10.2245
10.2322
10.2341
10.4759
10.469
10.4827
10.4969
10.4694
10.4643
10.4662
10.4593
10.4612
10.4543
10.4561
10.4493
10.4511
10.458
10.453
10.4598
10.4548
10.4617
10.4566
10.3488
10.3556
10.3419
10.4943
10.5391
10.4911
10.493
10.5647
10.5715
10.8399
10.564
10.3132
10.5139
10.5207
10.8631
10.5381
10.5312
10.5529
10.7986
10.8005
10.4208
10.4221
10.6203
10.1502
10.6408
10.6039
10.4723
10.4421
10.6557
10.6625
10.414
10.4191
10.4741
10.8299
10.4591
10.454
10.5635
10.5585
10.4268
10.4249
10.4596
10.4171
10.4271
10.434
10.4881
10.5658
10.5688
10.562
10.74
10.7469
10.7331
10.5507
10.7441
10.6904
10.6886
10.368
10.6047
10.6096
10.6163
10.6522
10.4892
10.7535
10.2931
10.2999
10.6714
10.6063
10.2761
10.2113
10.2163
10.7534
10.6413
10.5391
10.5442
10.5625
10.5733
10.3145
10.3618
10.6817
10.3007
10.3025
10.3255
10.3401
10.4855
10.4836
10.6321
10.4512
10.3758
10.3808
10.3769
10.3819
10.5516
10.5535
10.4193
10.3506
10.6838
10.6907
10.6701
10.5913
10.2634
10.5618
10.445
10.3662
10.507
10.5784
10.5765
10.5118
10.7672
10.7622
10.5762
10.3822
10.384
10.3789
10.3858
10.3908
10.3927
10.3876
10.3945
10.5998
10.1334
10.552
10.5538
10.7773
10.7823
10.2949
10.293
10.2583
10.0767
10.0717
10.7163
10.7845
10.7795
10.7895
10.7877
10.7945
10.4255
10.4205
10.4136
10.4155
10.7789
10.532
10.5338
10.5301
10.8931
10.8999
10.9049
10.326
10.3278
10.2606
10.2656
10.2556
10.2725
10.2568
10.4607
10.5378
10.3568
10.5859
10.5909
10.774
10.7602
10.7465
10.9211
10.4665
10.4646
10.4697
10.4628
10.4679
10.461
10.4683
10.6061
10.6994
10.7063
10.6066
10.8302
10.5222
10.5154
10.5436
10.6993
10.5661
10.4086
10.4105
10.5931
10.5999
10.3188
10.46
10.6549
10.487
10.4587
10.4536
10.4637
10.5795
10.0964
10.1033
10.2915
10.6851
10.2241
10.3351
10.3333
10.2778
10.6343
10.3732
10.2058
10.5818
10.2077
10.178
10.1798
10.4507
10.5969
10.6685
10.4407
10.4307
10.4206
10.4156
10.6119
10.6691
10.7449
10.7518
10.7568
10.7586
10.7636
10.7879
10.781
10.1693
10.5503
10.559
10.5609
10.5567
10.9523
10.957
10.8073
10.8023
10.8173
10.8223
10.8424
10.667
10.6721
10.647
10.637
10.6269
10.5718
10.5164
10.5214
10.3894
10.3963
10.494
10.5011
10.32
10.1898
10.4852
10.7555
10.1725
10.6155
10.6173
10.5981
10.5912
10.5006
10.5043
10.5093
10.2437
10.5254
10.5186
10.5614
10.5664
10.5732
10.6777
10.85
10.2227
10.464
10.4439
10.7528
10.746
10.1548
10.153
10.7315
10.7247
10.5792
10.5723
10.5697
10.4119
10.5699
10.4186
10.4254
10.4304
10.4323
10.4532
10.4582
10.8663
10.7104
10.6756
10.7059
10.6991
10.2707
10.4087
10.4069
10.4358
10.352
10.5407
10.5357
10.4931
10.4913
10.1434
10.3299
10.3249
10.6871
10.6802
10.6171
10.6221
10.6203
10.6271
10.6253
10.1233
10.5126
10.6058
10.7749
10.7263
10.7313
10.3174
10.3193
10.4708
10.4758
10.9068
10.7381
10.5329
10.5261
10.2218
10.3052
10.3121
10.5
10.5068
10.5087
10.3939
10.3921
10.6213
10.5865
10.5416
10.4503
10.4572
10.9118
10.4416
10.9552
10.7295
10.0425
10.0511
10.9288
10.8336
10.8267
10.8943
10.2505
10.6861
10.1291
10.136
10.9012
10.1412
10.086
10.081
10.0828
10.076
10.0408
10.4017
10.4068
10.3968
10.4135
10.4118
10.2414
10.2464
10.3216
10.3613
10.3564
10.3666
10.056
10.474
10.2117
10.2099
10.203
10.2081
10.2012
10.2062
10.2135
10.2876
10.2807
10.3214
10.8374
10.2131
10.2112
10.4479
10.4621
10.8425
10.8475
10.449
10.5189
10.5258
10.6488
10.8249
10.7927
10.7995
10.4321
10.6321
10.6303
10.6507
10.4203
10.4373
10.4391
10.4861
10.4879
10.4843
10.5708
10.569
10.4824
10.0609
10.6234
10.6284
10.6216
10.6266
10.6197
10.6247
10.6179
10.6229
10.616
10.4834
10.8231
10.466
10.5276
10.5326
10.5344
10.3538
10.3607
10.3625
10.3675
10.3693
10.3744
10.3762
10.3812
10.3831
10.1908
10.1684
10.7639
10.4947
10.4305
10.378
10.3849
10.3799
10.3867
10.3817
10.3885
10.3835
10.3904
10.3854
10.3922
10.3872
10.394
10.6222
10.6273
10.629
10.6337
10.6357
10.831
10.8241
10.826
10.6564
10.5373
10.5423
10.5355
10.2027
10.8464
10.1228
10.1296
10.1278
10.4998
10.6835
10.5767
10.7842
10.2428
10.241
10.2478
10.246
10.2529
10.4237
10.1662
10.7594
10.2957
10.2975
10.516
10.6724
10.6774
10.6706
10.2867
10.3783
10.4101
10.3727
10.5977
10.5959
10.6027
10.6009
10.6077
10.4871
10.3753
10.3735
10.4181
10.4231
10.7242
10.647
10.642
10.6401
10.6351
10.6333
10.7128
10.4789
10.3044
10.2993
10.2925
10.2943
10.3012
10.2962
10.2893
10.2911
10.298
10.293
10.2998
10.3048
10.2948
10.2843
10.288
10.2898
10.2971
10.5606
10.5556
10.5112
10.518
10.6176
10.2839
10.8219
10.6313
10.6275
10.2409
10.2359
10.2291
10.2309
10.7487
10.7537
10.7556
10.7943
10.5789
10.6039
10.7439
10.3857
10.3415
10.5511
10.5229
10.4948
10.4898
10.4966
10.4916
10.4985
10.4935
10.5003
10.7055
10.4049
10.3826
10.3877
10.3895
10.3945
10.7517
10.5578
10.5547
10.4567
10.3915
10.331
10.5775
10.1008
10.094
10.0958
10.089
10.0908
10.084
10.0858
10.5404
10.7173
10.3126
10.6053
10.1958
10.4045
10.7869
10.64
10.3502
10.4965
10.578
10.4043
10.7385
10.4873
10.5466
10.5484
10.3349
10.309
10.7168
10.6455
10.6473
10.6405
10.6423
10.6355
10.6492
10.4472
10.6495
10.5416
10.5434
10.4174
10.5366
10.5384
10.5453
10.2902
10.4341
10.3588
10.439
10.8181
10.6283
10.6264
10.4232
10.4185
10.4168
10.4235
10.4218
10.4285
10.4267
10.4333
10.4311
10.4383
10.437
10.4435
10.4419
10.4486
10.4467
10.4535
10.4517
10.4585
10.4567
10.4636
10.4617
10.4686
10.4667
10.4736
10.4718
10.4786
10.4769
10.4837
10.482
10.4887
10.487
10.4937
10.492
10.4988
10.5006
10.5056
10.5074
10.497
10.5125
10.5143
10.5106
10.4617
10.2583
10.7592
10.652
10.2974
10.814
10.3593
10.4611
10.406
10.374
10.5667
10.5041
10.2487
10.373
10.3749
10.5692
10.6939
10.0926
10.9199
10.8284
10.7113
10.4449
10.3016
10.4323
10.4374
10.5227
10.6477
10.6495
10.4014
10.4032
10.3982
10.405
10.6559
10.3637
10.3687
10.5366
10.9006
10.4173
10.4123
10.4054
10.4073
10.5296
10.5314
10.4614
10.4004
10.4023
10.3954
10.3973
10.3904
10.3922
10.3854
10.3872
10.5386
10.7914
10.6028
10.6077
10.4591
10.4559
10.7255
10.7236
10.2538
10.4793
10.2488
10.2433
10.7213
10.6007
10.5408
10.4605
10.3393
10.5172
10.524
10.152
10.2718
10.1351
10.4664
10.4683
10.567
10.5602
10.3917
10.4525
10.5981
10.2287
10.3563
10.7468
10.629
10.3958
10.6759
10.7382
10.7313
10.601
10.7934
10.7984
10.1639
10.8218
10.8199
10.8248
10.818
10.0982
10.1051
10.0777
10.6144
10.8442
10.8492
10.8392
10.9593
10.9635
10.9542
10.5736
10.5686
10.1222
10.1205
10.3218
10.1309
10.1378
10.1916
10.1985
10.2263
10.1763
10.1713
10.173
10.1663
10.168
10.1612
10.7536
10.3826
10.1657
10.1638
10.2179
10.216
10.5193
10.5211
10.5161
10.523
10.528
10.5299
10.606
10.5993
10.4903
10.4356
10.4103
10.3951
10.7363
10.3998
10.4068
10.4016
10.4087
10.6407
10.6425
10.6376
10.6445
10.9354
10.2437
10.2419
10.6756
10.6687
10.0791
10.0771
10.8404
10.4959
10.6493
10.6513
10.4783
10.4765
10.5715
10.5646
10.5782
10.0876
10.0943
10.2523
10.2592
10.6329
10.0357
10.0373
10.4522
10.459
10.8228
10.8162
10.1327
10.1396
10.4453
10.3934
10.4443
10.6105
10.7954
10.7973
10.4933
10.2167
10.4909
10.2241
10.2259
10.225
10.2268
10.5025
10.5075
10.5492
10.5194
10.5175
10.5405
10.593
10.5862
10.5024
10.5628
10.8305
10.5236
10.5167
10.5117
10.659
10.3232
10.4625
10.4675
10.5597
10.5616
10.2072
10.2022
10.1954
10.1972
10.1903
10.6108
10.8191
10.821
10.8173
10.4472
10.5739
10.43
10.6059
10.605
10.5362
10.5294
10.5431
10.4646
10.4609
10.4659
10.4559
10.4791
10.4809
10.4209
10.4159
10.4259
10.495
10.49
10.5842
10.4571
10.4553
10.7478
10.7655
10.4626
10.4645
10.441
10.2981
10.3049
10.594
10.584
10.5653
10.2826
10.6769
10.6701
10.7154
10.7223
10.7086
10.3977
10.4953
10.5021
10.5727
10.5677
10.3954
10.3991
10.4009
10.379
10.7454
10.6954
10.6936
10.6867
10.1598
10.2775
10.4804
10.4842
10.7265
10.7467
10.7448
10.3927
10.3995
10.4014
10.4307
10.7691
10.7641
10.4635
10.4685
10.571
10.5642
10.4982
10.4963
10.6463
10.6532
10.6582
10.5847
10.4747
10.5336
10.2825
10.5712
10.4601
10.4651
10.4632
10.4701
10.5543
10.6373
10.6305
10.6286
10.6236
10.1621
10.5425
10.5375
10.5802
10.1784
10.1853
10.5403
10.5471
10.3264
10.7196
10.5852
10.6767
10.4162
10.4213
10.5316
10.3195
10.3264
10.4243
10.3611
10.8334
10.8265
10.8321
10.8252
10.3068
10.3118
10.5551
10.5533
10.4035
10.7078
10.7146
10.4648
10.5135
10.5177
10.4204
10.5262
10.2573
10.2623
10.4408
10.2013
10.4076
10.6857
10.6925
10.741
10.6453
10.6503
10.3667
10.3717
10.3276
10.3326
10.3319
10.5488
10.5506
10.2774
10.3317
10.3267
10.3199
10.3217
10.1547
10.6242
10.5588
10.4203
10.5625
10.2734
10.5395
10.5413
10.6821
10.1762
10.2829
10.2848
10.2916
10.2652
10.2602
10.5019
10.3991
10.3837
10.3887
10.3869
10.3937
10.3919
10.3987
10.6218
10.6168
10.8676
10.8744
10.5536
10.7841
10.7891
10.4424
10.8738
10.8788
10.4225
10.3712
10.3452
10.3433
10.7281
10.7231
10.419
10.7826
10.1922
10.2757
10.3142
10.3211
10.3261
10.3279
10.6796
10.2999
10.2981
10.3017
10.7094
10.7144
10.8987
10.3328
10.331
10.5251
10.5232
10.0922
10.7977
10.2866
10.5553
10.5364
10.5306
10.1848
10.1867
10.183
10.5773
10.5705
10.2688
10.1853
10.1835
10.6752
10.6734
10.8014
10.5296
10.4633
10.5241
10.3586
10.1388
10.1338
10.1438
10.2757
10.3343
10.5325
10.8064
10.4064
10.4082
10.4137
10.4156
10.7044
10.5455
10.3986
10.9055
10.4138
10.3881
10.4689
10.4739
10.4808
10.3288
10.6076
10.3804
10.3822
10.4623
10.7194
10.7175
10.6277
10.6825
10.7381
10.505
10.4981
10.251
10.2579
10.2597
10.2647
10.2666
10.2716
10.2734
10.2442
10.2784
10.2803
10.2752
10.2821
10.6545
10.7762
10.783
10.7519
10.7587
10.2532
10.2514
10.1347
10.1328
10.3577
10.4793
10.4789
10.4858
10.9225
10.928
10.2008
10.2268
10.22
10.3538
10.352
10.6293
10.6224
10.6361
10.3102
10.3171
10.3969
10.2026
10.2095
10.3734
10.3717
10.5029
10.5081
10.6741
10.5585
10.3889
10.8092
10.7573
10.7642
10.5343
10.7829
10.1625
10.1574
10.5851
10.592
10.5796
10.5274
10.5516
10.5118
10.8242
10.6163
10.6231
10.6739
10.6789
10.6771
10.6839
10.6821
10.6889
10.6871
10.694
10.6921
10.6852
10.6902
10.6971
10.6953
10.7021
10.7003
10.6934
10.6984
10.6915
10.6966
10.6897
10.6947
10.6878
10.6928
10.686
10.691
10.6841
10.6891
10.6823
10.6873
10.6804
10.6854
10.6786
10.7071
10.7034
10.6836
10.6767
10.6828
10.6736
10.6997
10.6942
10.6689
10.6773
10.6865
10.704
10.6817
10.6749
10.6699
10.668
10.6886
10.6539
10.5233
10.5284
10.5435
10.5485
10.2193
10.2263
10.4952
10.3902
10.0891
10.0962
10.5699
10.5628
10.254
10.261
10.4888
10.7347
10.7606
10.0723
10.0702
10.8212
10.8143
10.4538
10.4608
10.4659
10.2369
10.315
10.3132
10.8384
10.1846
10.1829
10.7431
10.6124
10.1678
10.2113
10.2092
10.4715
10.1155
10.1137
10.4977
10.2211
10.1933
10.5351
10.5367
10.6824
10.6737
10.1586
10.1569
10.8992
10.906
10.2447
10.2497
10.1648
10.2044
10.2094
10.0794
10.0844
10.3651
10.3701
10.3767
10.3752
10.3818
10.3541
10.3498
10.4201
10.4451
10.4551
10.4652
10.4754
10.0341
10.0392
10.0289
10.0543
10.0593
10.6045
10.5975
10.51
10.7904
10.7817
10.6372
10.7693
10.4607
10.8112
10.4841
10.8123
10.5386
10.5755
10.6727
10.673
10.5007
10.4956
10.3725
10.5179
10.4793
10.2181
10.4848
10.639
10.556
10.4774
10.4374
10.5413
10.5239
10.8168
10.8162
10.5171
10.5057
10.5316
10.5385
10.5434
10.5453
10.5759
10.574
10.8112
10.8494
10.4855
10.6297
10.8544
10.8292
10.6334
10.6806
10.6719
10.572
10.5217
10.5149
10.5286
10.7204
10.454
10.6031
10.6406
10.4441
10.4137
10.8212
10.6214
10.5745
10.4227
10.4082
10.4423
10.7515
10.7584
10.4715
10.73
10.725
10.7305
10.6123
10.6279
10.6958
10.6301
10.6233
10.4504
10.1365
10.4677
10.4728
10.663
10.6611
10.7705
10.7686
10.209
10.2141
10.5577
10.5901
10.199
10.5814
10.4353
10.588
10.5949
10.3799
10.3588
10.352
10.7908
10.4503
10.4484
10.4521
10.0493
10.4968
10.5018
10.4918
10.2771
10.2839
10.4576
10.4595
10.4177
10.6918
10.6849
10.417
10.611
10.6091
10.4773
10.4755
10.5019
10.5001
10.3705
10.5363
10.5431
10.2661
10.2679
10.2627
10.2697
10.5318
10.3785
10.6752
10.6186
10.1748
10.6147
10.2756
10.5884
10.126
10.131
10.1242
10.1292
10.1224
10.1274
10.1205
10.1256
10.4392
10.0763
10.2427
10.2095
10.2145
10.2213
10.2195
10.2264
10.2245
10.2177
10.8278
10.8228
10.1735
10.1716
10.5749
10.4551
10.4799
10.8271
10.8202
10.8221
10.8152
10.4683
10.4751
10.477
10.5483
10.5464
10.5515
10.6514
10.5304
10.7277
10.7215
10.7283
10.6128
10.6109
10.6041
10.4046
10.9087
10.9155
10.9106
10.9174
10.9124
10.9193
10.9143
10.9243
10.9074
10.9093
10.9024
10.9043
10.8974
10.8993
10.8924
10.8943
10.8874
10.8893
10.8824
10.8843
10.6834
10.6784
10.2806
10.5817
10.5836
10.4838
10.4788
10.4806
10.1962
10.1944
10.1893
10.5267
10.6799
10.6781
10.6831
10.673
10.6785
10.5421
10.5352
10.5489
10.554
10.5558
10.4549
10.1634
10.6637
10.5952
10.5671
10.5722
10.4293
10.4224
10.4242
10.4173
10.419
10.3973
10.6926
10.2793
10.2844
10.2862
10.7178
10.7128
10.711
10.3843
10.8444
10.5801
10.4144
10.4194
10.2944
10.4843
10.3804
10.3822
10.1812
10.1745
10.1793
10.6854
10.389
10.3822
10.483
10.4761
10.8192
10.2363
10.2345
10.2295
10.4966
10.3747
10.4701
10.4126
10.5283
10.2304
10.6777
10.6828
10.6846
10.1362
10.1345
10.1295
10.1395
10.3045
10.5752
10.6624
10.6643
10.6574
10.6593
10.7428
10.5072
10.3342
10.7791
10.2299
10.2938
10.2888
10.6864
10.2811
10.4337
10.339
10.3339
10.3408
10.3136
10.3186
10.3168
10.3205
10.3086
10.7012
10.5579
10.5648
10.8186
10.6788
10.3286
10.3235
10.3305
10.7669
10.3552
10.357
10.6661
10.3776
10.3228
10.7547
10.5938
10.5989
10.4033
10.4083
10.4014
10.582
10.4403
10.4453
10.4385
10.3627
10.6672
10.6096
10.426
10.5358
10.5426
10.5445
10.5495
10.5513
10.5477
10.5545
10.5527
10.5595
10.468
10.6582
10.3948
10.3518
10.7786
10.9024
10.6611
10.7712
10.3058
10.4558
10.4065
10.3996
10.6129
10.485
10.7168
10.7472
10.7212
10.7274
10.4445
10.5317
10.5335
10.5267
10.5285
10.5216
10.5198
10.4824
10.4756
10.4806
10.4822
10.5411
10.6202
10.2862
10.5302
10.4325
10.566
10.5591
10.5728
10.2305
10.2355
10.6709
10.2327
10.4
10.5612
10.5125
10.5107
10.3034
10.4175
10.4914
10.6089
10.5971
10.6021
10.5842
10.2985
10.4885
10.7725
10.5098
10.5448
10.6879
10.693
10.6948
10.7
10.7016
10.6913
10.6843
10.5843
10.5793
10.5775
10.5518
10.2657
10.5197
10.3515
10.3447
10.3465
10.3396
10.3415
10.3346
10.4733
10.4801
10.4783
10.4851
10.1446
10.1464
10.1414
10.4704
10.5864
10.5814
10.5882
10.5745
10.6068
10.6118
10.6137
10.6609
10.4663
10.4613
10.5913
10.4392
10.8525
10.8594
10.8575
10.8644
10.8625
10.8694
10.8675
10.8607
10.8656
10.8588
10.8638
10.8569
10.8744
10.6452
10.3787
10.3855
10.7131
10.1876
10.5458
10.634
10.639
10.6322
10.512
10.3851
10.3529
10.7611
10.7593
10.7524
10.8297
10.6282
10.4068
10.4018
10.3999
10.5778
10.4537
10.4109
10.4127
10.4058
10.3643
10.6315
10.6246
10.2282
10.6435
10.6485
10.2619
10.504
10.347
10.4833
10.4902
10.4883
10.4682
10.4631
10.47
10.465
10.6482
10.6039
10.6416
10.6466
10.6398
10.1976
10.5008
10.428
10.2199
10.1101
10.2871
10.7038
10.702
10.6951
10.7001
10.4136
10.5297
10.4188
10.3694
10.3625
10.6973
10.0846
10.4119
10.1131
10.6089
10.5476
10.2533
10.3557
10.3149
10.3167
10.3235
10.6648
10.2506
10.2437
10.2456
10.2387
10.2405
10.2337
10.2355
10.2424
10.2373
10.2732
10.2663
10.2713
10.2645
10.2695
10.2501
10.4359
10.4291
10.7999
10.8049
10.8068
10.4718
10.4668
10.9099
10.917
10.4639
10.8576
10.2912
10.2963
10.2894
10.6524
10.6506
10.3502
10.352
10.2524
10.7726
10.8528
10.8596
10.8577
10.8645
10.8664
10.7088
10.6553
10.5505
10.5087
10.6445
10.6427
10.6376
10.6358
10.8294
10.762
10.5653
10.5703
10.204
10.4327
10.4195
10.5787
10.7641
10.771
10.7691
10.7759
10.7778
10.8856
10.8837
10.8769
10.8819
10.5587
10.4188
10.5247
10.5266
10.3166
10.315
10.3101
10.3197
10.2587
10.2637
10.2655
10.6086
10.6489
10.2702
10.4599
10.4667
10.4649
10.6086
10.7166
10.4988
10.6323
10.6391
10.8918
10.2141
10.7755
10.7736
10.7668
10.7718
10.7649
10.7699
10.7631
10.8053
10.8904
10.287
10.6807
10.6738
10.3068
10.3086
10.6589
10.2077
10.4458
10.3817
10.1793
10.0886
10.5451
10.547
10.5419
10.5488
10.0648
10.2469
10.4064
10.3483
10.8538
10.5383
10.6762
10.2763
10.2745
10.5438
10.5456
10.5525
10.5474
10.5543
10.5111
10.4657
10.4725
10.4707
10.4776
10.1565
10.7689
10.4348
10.4367
10.433
10.5183
10.5169
10.3589
10.5593
10.4669
10.5256
10.2813
10.2796
10.3296
10.3538
10.7096
10.7165
10.7215
10.7234
10.7284
10.7302
10.7352
10.7371
10.7421
10.7439
10.7489
10.7508
10.7558
10.7576
10.7626
10.7645
10.7695
10.7714
10.7764
10.7028
10.5419
10.7062
10.7081
10.7012
10.5214
10.5264
10.5164
10.786
10.781
10.2976
10.4342
10.2779
10.2934
10.2884
10.767
10.6684
10.6665
10.6715
10.6647
10.6597
10.24
10.4442
10.7076
10.7126
10.0785
10.3185
10.2985
10.3922
10.5433
10.4557
10.5703
10.3031
10.5414
10.515
10.3378
10.579
10.3229
10.3298
10.3536
10.7023
10.5196
10.5246
10.5177
10.4654
10.3805
10.1871
10.4754
10.8184
10.4372
10.4303
10.5481
10.2816
10.9162
10.336
10.3336
10.5832
10.0666
10.0598
10.9012
10.7057
10.7107
10.7039
10.7176
10.5277
10.4263
10.4564
10.5695
10.7273
10.6771
10.7442
10.3361
10.7273
10.7291
10.7341
10.736
10.741
10.7428
10.3255
10.3386
10.4191
10.4242
10.5481
10.4006
10.194
10.3397
10.8034
10.1785
10.1767
10.1817
10.4091
10.794
10.137
10.3991
10.5444
10.3891
10.5385
10.6651
10.7286
10.4651
10.472
10.333
10.4545
10.961
10.142
10.8082
10.8132
10.2469
10.2519
10.5446
10.5396
10.569
10.2369
10.5209
10.3841
10.6838
10.5032
10.5013
10.505
10.5524
10.3772
10.1803
10.3836
10.0616
10.0547
10.8461
10.4669
10.4738
10.4688
10.4757
10.4706
10.2889
10.8032
10.2766
10.2629
10.6026
10.3324
10.2853
10.4775
10.6327
10.4642
10.4573
10.4523
10.4504
10.4454
10.2305
10.4971
10.4903
10.519
10.4472
10.5755
10.5687
10.4353
10.3152
10.3274
10.8114
10.5574
10.1356
10.564
10.5658
10.2618
10.4356
10.4406
10.4114
10.4096
10.4188
10.4169
10.3526
10.4738
10.4719
10.2595
10.4059
10.4041
10.8215
10.8197
10.3433
10.504
10.3488
10.3507
10.2369
10.2044
10.6311
10.5259
10.5378
10.6683
10.2323
10.2392
10.2341
10.0677
10.6814
10.6883
10.7418
10.4671
10.3375
10.5746
10.2687
10.7505
10.7157
10.7226
10.816
10.6722
10.7363
10.7432
10.7569
10.3907
10.3976
10.7661
10.59
10.595
10.5969
10.6019
10.6037
10.6087
10.6896
10.7244
10.7225
10.5416
10.2638
10.1899
10.188
10.1812
10.1862
10.6106
10.1483
10.412
10.417
10.8118
10.8099
10.1419
10.1438
10.1401
10.1342
10.1675
10.1379
10.5256
10.3926
10.3994
10.3944
10.4044
10.3918
10.3853
10.638
10.5924
10.5906
10.5958
10.51
10.1556
10.4069
10.6654
10.826
10.5558
10.5608
10.8105
10.8155
10.1794
10.1
10.0932
10.1069
10.821
10.1288
10.127
10.6094
10.6002
10.7097
10.6126
10.8911
10.8411
10.7079
10.8861
10.8793
10.8811
10.8743
10.8761
10.8693
10.8711
10.8643
10.8661
10.8592
10.8611
10.7008
10.5151
10.9561
10.9492
10.9512
10.9443
10.9462
10.9393
10.9412
10.9343
10.9362
10.6858
10.6758
10.6557
10.7116
10.5454
10.5252
10.6708
10.6507
10.5705
10.5636
10.5655
10.5586
10.5605
10.5404
10.1173
10.4037
10.0567
10.5851
10.8714
10.2648
10.2716
10.7586
10.1781
10.1521
10.5068
10.3082
10.3063
10.3113
10.3045
10.3095
10.3026
10.2976
10.2958
10.3077
10.2908
10.2887
10.2939
10.2871
10.2822
10.3777
10.3757
10.3706
10.3688
10.4558
10.2473
10.421
10.4279
10.423
10.4298
10.8191
10.8123
10.3255
10.3323
10.0827
10.9148
10.7064
10.7083
10.7034
10.7103
10.4124
10.533
10.5724
10.5706
10.6036
10.5539
10.5588
10.2213
10.2194
10.2254
10.644
10.4983
10.4964
10.5001
10.219
10.2172
10.5125
10.5107
10.5129
10.561
10.5678
10.5376
10.5445
10.2314
10.4859
10.4928
10.4535
10.4466
10.4653
10.5455
10.4988
10.7637
10.5221
10.5144
10.2318
10.2337
10.2287
10.2355
10.2305
10.2373
10.2323
10.2392
10.2341
10.2273
10.2291
10.5368
10.5299
10.5888
10.5937
10.6012
10.6158
10.6176
10.5629
10.357
10.4435
10.4366
10.3862
10.3931
10.3949
10.5789
10.5807
10.6187
10.6205
10.6561
10.6543
10.6593
10.6524
10.6474
10.6456
10.6406
10.6387
10.6337
10.6318
10.6268
10.0709
10.0694
10.5614
10.8144
10.4696
10.5796
10.8512
10.8462
10.6251
10.3031
10.6388
10.2775
10.8762
10.4746
10.4492
10.4886
10.4818
10.4588
10.8706
10.8688
10.4428
10.4478
10.4378
10.7723
10.4526
10.4246
10.486
10.4878
10.4828
10.8273
10.3904
10.2789
10.2857
10.4627
10.4581
10.8199
10.5062
10.2209
10.6765
10.6839
10.4718
10.4699
10.158
10.1512
10.2295
10.6601
10.6653
10.655
10.6632
10.2802
10.2751
10.5463
10.2615
10.8624
10.7522
10.7541
10.4705
10.55
10.1155
10.8806
10.4779
10.4056
10.4074
10.2729
10.4816
10.4747
10.4417
10.2702
10.8956
10.487
10.7398
10.7379
10.743
10.7768
10.5815
10.4133
10.4792
10.486
10.4293
10.4424
10.4492
10.3748
10.6986
10.1333
10.5593
10.5525
10.1488
10.147
10.6717
10.8055
10.4945
10.4995
10.7504
10.8339
10.5934
10.3872
10.3891
10.384
10.5799
10.4133
10.7416
10.2497
10.1816
10.1885
10.1935
10.1953
10.624
10.7361
10.3762
10.3854
10.771
10.7659
10.6308
10.6289
10.5227
10.3246
10.3314
10.3332
10.3383
10.3364
10.4614
10.6697
10.6629
10.3036
10.4709
10.6698
10.3177
10.313
10.5273
10.2214
10.3643
10.3373
10.3392
10.6456
10.6437
10.5332
10.4094
10.3292
10.3342
10.6972
10.4316
10.4298
10.4348
10.4279
10.4229
10.4211
10.4261
10.4192
10.4243
10.4154
10.4032
10.5463
10.5532
10.5582
10.56
10.555
10.5619
10.5669
10.706
10.7402
10.3946
10.5103
10.6206
10.5157
10.5088
10.5675
10.4477
10.4527
10.3162
10.5577
10.5645
10.5016
10.2478
10.2496
10.551
10.5491
10.6268
10.6199
10.8171
10.6355
10.5756
10.6372
10.6303
10.5175
10.5157
10.5886
10.5904
10.5854
10.5923
10.3156
10.5973
10.5991
10.5941
10.5498
10.6155
10.6224
10.6274
10.6292
10.5566
10.3468
10.3486
10.6384
10.4176
10.4107
10.4499
10.448
10.5438
10.6242
10.2641
10.2692
10.2591
10.3484
10.167
10.1601
10.7263
10.3648
10.3699
10.3767
10.3189
10.3239
10.4013
10.3963
10.643
10.6448
10.6387
10.3767
10.4508
10.601
10.596
10.7081
10.635
10.4156
10.6933
10.6983
10.4165
10.1237
10.1168
10.657
10.5558
10.5576
10.7458
10.7254
10.1027
10.6527
10.357
10.7252
10.7117
10.7049
10.4627
10.766
10.6121
10.5586
10.5568
10.6311
10.6361
10.8694
10.8763
10.8813
10.2739
10.2807
10.3909
10.3959
10.3859
10.5764
10.5693
10.6804
10.6872
10.6118
10.6099
10.7681
10.0753
10.5957
10.5976
10.8968
10.6669
10.2706
10.2724
10.3013
10.2739
10.4046
10.5159
10.3401
10.342
10.441
10.2223
10.2204
10.2241
10.426
10.2864
10.2846
10.1759
10.3676
10.5573
10.5523
10.5147
10.5166
10.5129
10.1063
10.1081
10.3254
10.5605
10.8075
10.8056
10.8104
10.8038
10.3605
10.736
10.3136
10.3154
10.3874
10.241
10.236
10.7989
10.7971
10.802
10.7956
10.3974
10.4077
10.4008
10.399
10.394
10.3921
10.3871
10.3853
10.3803
10.3784
10.3734
10.3716
10.3666
10.3647
10.3597
10.3579
10.3629
10.356
10.3611
10.3542
10.3492
10.3474
10.3524
10.3455
10.3505
10.3437
10.3487
10.3419
10.3469
10.3368
10.335
10.3405
10.3537
10.3519
10.345
10.3501
10.3569
10.3551
10.3619
10.3601
10.3432
10.3669
10.3651
10.3574
10.3583
10.3633
10.33
10.3282
10.3638
10.372
10.3382
10.3318
10.3738
10.3364
10.3414
10.3314
10.325
10.3529
10.3268
10.3679
10.3661
10.3766
10.3564
10.3614
10.3683
10.3665
10.3514
10.3345
10.3547
10.5496
10.7903
10.7885
10.7934
10.228
10.2073
10.2026
10.2122
10.6975
10.1748
10.1798
10.8751
10.8801
10.887
10.8701
10.5219
10.1483
10.1432
10.8831
10.7782
10.7832
10.6189
10.4841
10.5354
10.5304
10.267
10.262
10.7873
10.7941
10.796
10.801
10.3941
10.4952
10.4933
10.6095
10.5275
10.5343
10.5206
10.7799
10.7867
10.6448
10.3834
10.2451
10.7318
10.7207
10.7413
10.745
10.4495
10.5265
10.4724
10.9174
10.1219
10.2113
10.3595
10.5473
10.7163
10.4743
10.4761
10.7131
10.3271
10.1976
10.1921
10.771
10.2582
10.2542
10.2474
10.7478
10.7497
10.5987
10.9155
10.5961
10.6893
10.6912
10.3949
10.3931
10.5856
10.9186
10.3438
10.3456
10.6564
10.6514
10.5159
10.3401
10.2387
10.6596
10.5535
10.5603
10.484
10.4771
10.4908
10.7916
10.7866
10.644
10.7947
10.5361
10.7051
10.6791
10.225
10.3358
10.3426
10.3894
10.6878
10.4757
10.4826
10.4844
10.4894
10.2063
10.3839
10.3821
10.7555
10.7692
10.3885
10.5659
10.564
10.6007
10.5448
10.5205
10.5224
10.5169
10.095
10.0795
10.1187
10.6867
10.7867
10.7816
10.6181
10.602
10.5764
10.868
10.883
10.9262
10.5171
10.7027
10.6936
10.6955
10.7029
10.0911
10.0979
10.2431
10.1328
10.0779
10.0327
10.3886
10.4887
10.1728
10.3636
10.3431
10.333
10.2781
10.3133
10.2028
10.2679
10.2579
10.048
10.9236
10.8695
10.1259
10.1277
10.1088
10.1068
10.1021
10.7326
10.726
10.0744
10.5502
10.3342
10.341
10.2389
10.7151
10.7172
10.0652
10.8453
10.8474
10.7498
10.4838
10.1377
10.0828
10.0894
10.3936
10.248
10.0377
10.5482
10.3358
10.3428
10.7223
10.8528
10.854
10.5834
10.2321
10.7825
10.8432
10.8588
10.7478
10.397
10.7057
10.3181
10.2833
10.2898
10.2883
10.2948
10.1777
10.2935
10.2999
10.2986
10.3015
10.2079
10.0879
10.0944
10.0929
10.0994
10.098
10.1045
10.103
10.1095
10.1061
10.1081
10.1145
10.1131
10.1195
10.118
10.1212
10.318
10.3246
10.323
10.2382
10.1681
10.073
10.1978
10.3588
10.8603
10.7405
10.2485
10.399
10.3789
10.792
10.5047
10.4986
10.5034
10.2226
10.2166
10.1533
10.7662
10.7314
10.2279
10.2229
10.2418
10.1306
10.1878
10.0765
10.1017
10.4824
10.3872
10.0314
10.5409
10.6709
10.7808
10.5901
10.0926
10.0497
10.0478
10.8268
10.4484
10.5651
10.5634
10.31
10.1789
10.2927
10.2576
10.4579
10.4248
10.4315
10.4338
10.9042
10.9108
10.9019
10.3012
10.1714
10.2668
10.1362
10.1384
10.3639
10.3617
10.367
10.3601
10.5884
10.7882
10.8762
10.885
10.4171
10.1294
10.3549
10.3533
10.3583
10.3514
10.0431
10.0408
10.0339
10.3658
10.8741
10.8928
10.0389
10.0322
10.0306
10.023
10.0228
10.0459
10.4385
10.4366
10.3652
10.5656
10.5743
10.5986
10.6004
10.4324
10.4342
10.4292
10.4361
10.6348
10.6329
10.6379
10.6422
10.5918
10.2236
10.7656
10.479
10.4877
10.4516
10.4448
10.5051
10.5056
10.214
10.2144
10.2129
10.2179
10.5335
10.4689
10.2364
10.5088
10.2249
10.2268
10.6054
10.5349
10.5198
10.2405
10.3501
10.3401
10.3351
10.3369
10.3319
10.2442
10.7886
10.3913
10.3981
10.8168
10.8149
10.5698
10.4724
10.4742
10.8073
10.5289
10.5061
10.8236
10.236
10.6366
10.5267
10.5336
10.5354
10.5404
10.2963
10.2844
10.512
10.246
10.5426
10.5495
10.566
10.5729
10.5772
10.5753
10.4585
10.5809
10.5827
10.649
10.6403
10.3844
10.3826
10.5152
10.5102
10.5084
10.5034
10.8342
10.8361
10.5394
10.5065
10.6459
10.6409
10.5418
10.2159
10.2209
10.8531
10.5139
10.5207
10.626
10.6142
10.8149
10.8081
10.1433
10.5737
10.8662
10.1415
10.5716
10.7327
10.7277
10.7259
10.7209
10.719
10.7227
10.7158
10.2186
10.2204
10.4146
10.4737
10.4687
10.4788
10.4856
10.4838
10.4769
10.5899
10.583
10.7177
10.4238
10.2382
10.2414
10.8812
10.8794
10.4987
10.6422
10.6183
10.451
10.7836
10.4796
10.4446
10.4396
10.4674
10.6457
10.6475
10.6525
10.491
10.4896
10.4946
10.6575
10.6594
10.6644
10.5162
10.5093
10.5212
10.5075
10.6258
10.8756
10.8738
10.4946
10.4054
10.4498
10.7643
10.7712
10.7624
10.4736
10.5679
10.5611
10.6091
10.6159
10.6022
10.5972
10.5954
10.6738
10.6004
10.411
10.4296
10.4145
10.4155
10.5878
10.3552
10.4206
10.4187
10.4921
10.3963
10.8581
10.7447
10.7186
10.7067
10.6999
10.7017
10.3638
10.5565
10.7391
10.2109
10.7706
10.7565
10.7634
10.4696
10.7619
10.3903
10.577
10.5702
10.4416
10.8542
10.8561
10.8511
10.8529
10.4504
10.4452
10.4471
10.6227
10.6245
10.5271
10.5147
10.5857
10.5876
10.5944
10.5994
10.7482
10.2154
10.4151
10.4473
10.4405
10.4455
10.4386
10.4437
10.8194
10.8262
10.8244
10.8312
10.8294
10.8362
10.8344
10.8225
10.4285
10.4235
10.4335
10.4317
10.4385
10.456
10.4528
10.8481
10.2008
10.1958
10.2457
10.7276
10.5572
10.8862
10.8474
10.7958
10.8027
10.789
10.7821
10.784
10.7771
10.7858
10.6168
10.6812
10.6744
10.1262
10.4158
10.4089
10.4039
10.4139
10.4071
10.4121
10.4052
10.4103
10.4034
10.4084
10.6715
10.7355
10.4868
10.4799
10.8831
10.4153
10.4134
10.261
10.0428
10.7533
10.6145
10.4814
10.4106
10.4678
10.4124
10.8724
10.7478
10.8806
10.6918
10.6881
10.1562
10.1496
10.1546
10.1482
10.1533
10.1469
10.51
10.2807
10.2876
10.4724
10.0443
10.163
10.9324
10.9274
10.4765
10.4783
10.2361
10.6041
10.8756
10.6516
10.4775
10.2766
10.4119
10.764
10.7296
10.7196
10.7127
10.271
10.5063
10.4597
10.4547
10.6574
10.6968
10.6201
10.4184
10.4116
10.9312
10.6659
10.664
10.6677
10.6746
10.669
10.6622
10.3836
10.8178
10.811
10.8128
10.735
10.4066
10.5088
10.5138
10.5157
10.5206
10.5228
10.5296
10.5245
10.5185
10.5314
10.2912
10.4865
10.1931
10.1912
10.6437
10.4465
10.6196
10.3868
10.3849
10.545
10.6686
10.6614
10.6572
10.606
10.7739
10.772
10.6717
10.6764
10.384
10.8315
10.8384
10.4166
10.2811
10.9424
10.0605
10.0619
10.057
10.5537
10.7878
10.4497
10.4257
10.6438
10.6164
10.1105
10.6036
10.4238
10.422
10.2264
10.6619
10.6569
10.625
10.62
10.7591
10.7609
10.7559
10.7678
10.7628
10.7578
10.7732
10.9018
10.824
10.2554
10.4764
10.1648
10.2004
10.0404
10.5401
10.4912
10.7378
10.2711
10.481
10.4879
10.7233
10.7302
10.7352
10.1488
10.272
10.4798
10.7595
10.2921
10.1506
10.1524
10.0156
10.732
10.4314
10.5541
10.1192
10.5678
10.1758
10.7348
10.6073
10.1666
10.4031
10.431
10.7497
10.7437
10.1279
10.6756
10.1539
10.152
10.1589
10.1571
10.1657
10.251
10.5199
10.293
10.288
10.2949
10.2898
10.8347
10.5685
10.5038
10.2738
10.1828
10.4348
10.509
10.5016
10.4963
10.4945
10.4996
10.4923
10.4852
10.4906
10.4836
10.4819
10.5068
10.2182
10.5785
10.5757
10.3771
10.3753
10.7311
10.9844
10.9779
10.9726
10.9716
10.9763
10.9659
10.9675
10.9608
10.9625
10.9555
10.983
10.981
10.9744
10.9724
10.9668
10.9886
10.1843
10.7078
10.6341
10.0961
10.1766
10.4027
10.5826
10.4027
10.6487
10.647
10.6421
10.6362
10.6406
10.2446
10.2026
10.2008
10.0506
10.052
10.1558
10.1572
10.7615
10.3415
10.2131
10.5179
10.291
10.2961
10.3024
10.4846
10.2894
10.1684
10.5209
10.573
10.2995
10.2045
10.4742
10.278
10.7165
10.5434
10.7496
10.3003
10.4905
10.4923
10.4873
10.4974
10.4805
10.4756
10.4687
10.3788
10.3806
10.3889
10.5513
10.4474
10.4292
10.2967
10.5176
10.6679
10.661
10.4844
10.4825
10.7745
10.377
10.3525
10.3909
10.3729
10.3711
10.2734
10.2687
10.2705
10.3762
10.3828
10.3809
10.9184
10.3733
10.3715
10.368
10.3698
10.7208
10.373
10.3752
10.1557
10.6071
10.0526
10.4265
10.4331
10.4281
10.4381
10.7046
10.5747
10.7572
10.7596
10.4215
10.9037
10.6815
10.6747
10.6797
10.6728
10.6659
10.6709
10.6696
10.6665
10.6683
10.5538
10.6236
10.6222
10.6267
10.6168
10.6196
10.6251
10.6319
10.6532
10.6601
10.346
10.4365
10.443
10.4479
10.5296
10.4897
10.4915
10.577
10.5839
10.1445
10.7608
10.4807
10.416
10.6766
10.2784
10.2834
10.0713
10.4565
10.4629
10.4678
10.4663
10.4727
10.4579
10.4529
10.9492
10.9474
10.9525
10.9461
10.9507
10.944
10.9484
10.9458
10.9575
10.9592
10.9424
10.9375
10.9358
10.939
10.9314
10.347
10.1658
10.5575
10.0262
10.0854
10.4465
10.4704
10.4773
10.5501
10.5439
10.256
10.5463
10.6749
10.668
10.2514
10.6446
10.6396
10.6377
10.6789
10.1566
10.252
10.1431
10.6587
10.1159
10.1111
10.1129
10.3404
10.0504
10.0578
10.5433
10.7016
10.7084
10.7103
10.7153
10.7134
10.5781
10.4473
10.555
10.2272
10.4172
10.4829
10.091
10.4926
10.4977
10.5342
10.5272
10.4542
10.4561
10.4732
10.4667
10.3117
10.3135
10.3779
10.3663
10.3714
10.3293
10.3886
10.1697
10.5442
10.5372
10.5692
10.576
10.5811
10.5829
10.5879
10.5897
10.5847
10.5916
10.5866
10.5797
10.5815
10.5884
10.5834
10.5902
10.5921
10.587
10.5939
10.5861
10.5747
10.0459
10.1456
10.9305
10.9292
10.9222
10.5603
10.487
10.0596
10.571
10.4686
10.4636
10.4618
10.4655
10.4599
10.4531
10.5285
10.5403
10.5421
10.5542
10.5642
10.5573
10.6186
10.6235
10.3658
10.4016
10.4876
10.0821
10.3854
10.6255
10.6304
10.2005
10.2071
10.2132
10.2019
10.1972
10.1905
10.1921
10.188
10.1807
10.4253
10.4272
10.4221
10.4171
10.424
10.4303
10.4372
10.4422
10.4153
10.8881
10.5561
10.5542
10.2245
10.7387
10.5197
10.3461
10.3481
10.5792
10.2373
10.2323
10.6945
10.3061
10.3749
10.3817
10.3867
10.4737
10.2446
10.4895
10.4811
10.488
10.493
10.4948
10.4898
10.4967
10.4917
10.4985
10.5017
10.4848
10.4866
10.478
10.4912
10.498
10.503
10.5012
10.1474
10.477
10.2381
10.3332
10.3263
10.3213
10.7492
10.716
10.9018
10.0706
10.777
10.5743
10.5406
10.5424
10.4845
10.4631
10.2397
10.2331
10.4368
10.4418
10.4749
10.4731
10.4719
10.4788
10.4838
10.3955
10.2739
10.1703
10.1771
10.1821
10.3304
10.6353
10.3261
10.1597
10.2217
10.3177
10.8582
10.8601
10.8532
10.4604
10.4672
10.4554
10.4572
10.4522
10.4453
10.4403
10.1928
10.6845
10.9112
10.9062
10.908
10.4114
10.4181
10.163
10.1743
10.1725
10.7392
10.7509
10.5892
10.2693
10.4369
10.7989
10.4336
10.1507
10.1572
10.1617
10.1602
10.0803
10.0832
10.3924
10.3906
10.3945
10.9205
10.4889
10.482
10.477
10.2761
10.5226
10.5294
10.5313
10.5176
10.3941
10.3959
10.9212
10.923
10.776
10.7778
10.6326
10.6134
10.6184
10.6115
10.8962
10.1867
10.1849
10.8713
10.4135
10.625
10.6181
10.3074
10.3092
10.3161
10.3006
10.8378
10.3159
10.5682
10.5663
10.5613
10.5632
10.5563
10.5544
10.5513
10.5531
10.2871
10.3139
10.2564
10.809
10.8013
10.1666
10.6264
10.215
10.2218
10.22
10.3364
10.4763
10.2787
10.4041
10.4059
10.5521
10.1324
10.1507
10.5712
10.5693
10.5743
10.5674
10.5725
10.5794
10.5775
10.5656
10.5624
10.5844
10.5825
10.7807
10.292
10.2852
10.2833
10.2783
10.3179
10.8787
10.6745
10.6676
10.6604
10.6672
10.6691
10.6741
10.6723
10.6654
10.6635
10.6704
10.6685
10.6617
10.6567
10.2743
10.2793
10.2674
10.2656
10.3678
10.8937
10.8887
10.8906
10.3648
10.3716
10.308
10.1534
10.2149
10.634
10.1154
10.1217
10.2994
10.2945
10.3035
10.4141
10.416
10.8127
10.8195
10.8145
10.3246
10.3314
10.4684
10.4734
10.3223
10.3273
10.3341
10.3323
10.3392
10.3373
10.3305
10.3204
10.3255
10.3236
10.3286
10.4662
10.4596
10.4026
10.4095
10.5833
10.2852
10.8195
10.2825
10.6604
10.6585
10.6535
10.6517
10.6485
10.5035
10.5054
10.5003
10.5072
10.5122
10.5518
10.6923
10.6992
10.6973
10.6904
10.198
10.482
10.5963
10.5894
10.5875
10.5807
10.5944
10.6013
10.5333
10.8142
10.816
10.811
10.3163
10.7873
10.2967
10.8214
10.446
10.5249
10.5199
10.4145
10.4482
10.45
10.4569
10.4519
10.4587
10.4432
10.4835
10.6645
10.3913
10.5244
10.5331
10.3533
10.3583
10.483
10.4779
10.2842
10.286
10.2929
10.2879
10.2792
10.2947
10.2997
10.4361
10.6256
10.5278
10.5227
10.5208
10.5158
10.5139
10.5121
10.1404
10.5679
10.5764
10.5743
10.6979
10.6966
10.3546
10.4063
10.317
10.4545
10.4595
10.4577
10.2259
10.2277
10.2328
10.2346
10.2396
10.2378
10.2414
10.6482
10.6413
10.6432
10.6395
10.6345
10.6326
10.7834
10.5468
10.4233
10.4252
10.4201
10.427
10.432
10.4302
10.4352
10.437
10.442
10.4402
10.447
10.3784
10.3802
10.2163
10.6511
10.136
10.1411
10.7781
10.3947
10.3966
10.3161
10.8094
10.8044
10.8062
10.8131
10.4287
10.5627
10.6042
10.4147
10.4096
10.4078
10.6444
10.6375
10.6325
10.6307
10.6257
10.6357
10.6275
10.6206
10.6238
10.6225
10.6156
10.5431
10.5412
10.2131
10.2613
10.3238
10.1698
10.1817
10.9056
10.3485
10.3416
10.3435
10.8607
10.829
10.8329
10.1282
10.1264
10.8141
10.171
10.4691
10.4759
10.4269
10.4273
10.5848
10.5761
10.5674
10.5587
10.3154
10.668
10.663
10.6748
10.5386
10.5165
10.5215
10.5234
10.4778
10.5037
10.5087
10.5155
10.5137
10.5068
10.7399
10.7418
10.7349
10.194
10.1963
10.1944
10.7218
10.1976
10.2318
10.5235
10.4462
10.5643
10.8255
10.8286
10.8397
10.4419
10.4438
10.4488
10.3113
10.2455
10.0972
10.8737
10.4163
10.4584
10.3433
10.8389
10.6822
10.6891
10.6941
10.6959
10.6909
10.2788
10.277
10.2838
10.2177
10.343
10.6767
10.7836
10.5991
10.6078
10.5341
10.6544
10.6476
10.6426
10.6407
10.6457
10.7053
10.1899
10.1703
10.7684
10.4935
10.4867
10.1107
10.118
10.1052
10.619
10.5138
10.6892
10.3362
10.5843
10.5893
10.5874
10.5924
10.5993
10.5975
10.5906
10.5956
10.6025
10.6006
10.5937
10.1105
10.7265
10.5391
10.5341
10.1698
10.1716
10.7665
10.7684
10.7615
10.7634
10.7703
10.3104
10.4219
10.4287
10.8408
10.5841
10.4867
10.257
10.262
10.7331
10.7753
10.7721
10.6796
10.4362
10.2588
10.257
10.3961
10.3974
10.4026
10.5112
10.4848
10.4798
10.3677
10.3745
10.4916
10.299
10.4434
10.4452
10.4502
10.452
10.7362
10.3484
10.3433
10.3453
10.6799
10.678
10.6712
10.6662
10.621
10.452
10.3628
10.3662
10.3675
10.3726
10.1885
10.2716
10.2798
10.278
10.2848
10.423
10.4251
10.315
10.6084
10.579
10.6214
10.6579
10.6528
10.2122
10.2054
10.209
10.2108
10.3503
10.5304
10.5373
10.5323
10.4047
10.5864
10.34
10.4431
10.4362
10.5611
10.7844
10.4743
10.4692
10.1245
10.4937
10.5683
10.4686
10.4021
10.7803
10.4897
10.6933
10.6952
10.6901
10.3415
10.3109
10.3177
10.3195
10.3127
10.4541
10.449
10.4509
10.444
10.1141
10.6305
10.5751
10.5819
10.4484
10.4552
10.4255
10.5043
10.538
10.4033
10.4596
10.4527
10.4578
10.8562
10.8123
10.6194
10.6175
10.6106
10.6087
10.6125
10.6056
10.6144
10.654
10.7412
10.3984
10.3897
10.5
10.4894
10.0903
10.0963
10.3708
10.3726
10.3794
10.8273
10.7292
10.4546
10.3137
10.6239
10.6221
10.2698
10.3231
10.5537
10.1616
10.8555
10.3845
10.3913
10.4009
10.4128
10.5194
10.7741
10.4619
10.4688
10.1835
10.663
10.2286
10.5184
10.2971
10.6253
10.6235
10.6285
10.6216
10.6166
10.511
10.336
10.3292
10.3241
10.3273
10.573
10.6383
10.6365
10.3721
10.6012
10.5962
10.5981
10.6954
10.6294
10.2747
10.6065
10.6185
10.6116
10.6098
10.6048
10.6029
10.6079
10.5979
10.5961
10.8375
10.2341
10.2926
10.8289
10.8258
10.3365
10.2697
10.3972
10.4023
10.4004
10.4073
10.3936
10.3986
10.772
10.6976
10.7026
10.6907
10.3227
10.3159
10.574
10.5672
10.5984
10.5319
10.9192
10.9142
10.9161
10.9229
10.0744
10.6226
10.6245
10.7325
10.7307
10.7257
10.7238
10.7188
10.3184
10.5916
10.5865
10.2894
10.5825
10.1387
10.6651
10.6669
10.6619
10.8205
10.7997
10.8066
10.4784
10.4834
10.4816
10.4884
10.4853
10.4802
10.4747
10.4798
10.4729
10.4779
10.4829
10.5204
10.5254
10.5455
10.5473
10.7975
10.8044
10.8094
10.8062
10.7993
10.8075
10.2528
10.2478
10.6336
10.351
10.1707
10.1689
10.3662
10.3593
10.5346
10.6888
10.6906
10.4343
10.4275
10.4293
10.3035
10.8136
10.6674
10.6606
10.6711
10.4582
10.791
10.7979
10.3625
10.6615
10.6556
10.5621
10.7864
10.7932
10.7882
10.7982
10.8001
10.1215
10.7162
10.4979
10.3899
10.7461
10.2684
10.2752
10.3565
10.6154
10.6204
10.788
10.7899
10.7949
10.4334
10.5437
10.2354
10.3575
10.7324
10.7226
10.714
10.6501
10.4928
10.496
10.6428
10.641
10.5036
10.5105
10.5055
10.5123
10.5073
10.5142
10.5192
10.5092
10.5041
10.511
10.506
10.8251
10.5249
10.5217
10.1462
10.7548
10.4998
10.4816
10.7921
10.2835
10.6733
10.6548
10.6598
10.2223
10.4781
10.6433
10.6502
10.5248
10.5161
10.589
10.5872
10.5922
10.5854
10.2453
10.5248
10.2063
10.5005
10.3782
10.3337
10.3388
10.8042
10.806
10.9703
10.4086
10.1994
10.2547
10.2565
10.2912
10.6064
10.6114
10.4417
10.5991
10.6062
10.7236
10.8513
10.8482
10.8414
10.8432
10.7378
10.6876
10.3533
10.4539
10.4489
10.4508
10.6719
10.1917
10.1967
10.5226
10.6208
10.3834
10.446
10.7925
10.5458
10.5477
10.318
10.3112
10.7792
10.7052
10.707
10.7002
10.3449
10.35
10.561
10.5491
10.5015
10.799
10.3275
10.281
10.6843
10.6872
10.6805
10.6854
10.6788
10.1397
10.1447
10.9405
10.2314
10.1821
10.6857
10.5417
10.4906
10.4888
10.4938
10.492
10.4925
10.4608
10.2995
10.1428
10.141
10.132
10.7452
10.8234
10.8165
10.2962
10.9012
10.9062
10.908
10.3754
10.3735
10.3785
10.3717
10.3667
10.5996
10.7544
10.2833
10.3639
10.6469
10.6419
10.5617
10.8712
10.5308
10.4044
10.4062
10.2972
10.7183
10.3808
10.4427
10.2541
10.5498
10.6588
10.3964
10.7962
10.3406
10.521
10.3562
10.7009
10.7389
10.6975
10.6925
10.5572
10.4131
10.5315
10.5346
10.2775
10.703
10.121
10.2364
10.3458
10.5289
10.5339
10.7736
10.4664
10.3049
10.2419
10.235
10.3616
10.6817
10.2122
10.2989
10.2999
10.2853
10.341
10.6043
10.2255
10.2378
10.4772
10.5787
10.3612
10.3662
10.4744
10.393
10.4782
10.7892
10.7823
10.7146
10.336
10.7145
10.5697
10.5252
10.5077
10.2743
10.5564
10.5632
10.5651
10.5719
10.2492
10.2629
10.6788
10.2875
10.3923
10.3836
10.1903
10.1972
10.7437
10.4247
10.7738
10.5083
10.5033
10.5185
10.2392
10.3534
10.188
10.3724
10.3674
10.3706
10.3656
10.3606
10.3624
10.7489
10.742
10.747
10.551
10.3387
10.6543
10.3177
10.4243
10.4809
10.4896
10.4856
10.4988
10.4398
10.7494
10.7644
10.5182
10.31
10.315
10.3218
10.32
10.3237
10.5508
10.4273
10.5664
10.6632
10.4076
10.4986
10.3427
10.5341
10.872
10.867
10.5381
10.4333
10.6023
10.3182
10.4723
10.4002
10.463
10.4699
10.4717
10.4749
10.473
10.6784
10.5652
10.4133
10.6957
10.2861
10.4704
10.4277
10.3688
10.5038
10.5344
10.5311
10.5329
10.5361
10.4819
10.6237
10.6121
10.3337
10.7387
10.5235
10.5217
10.3964
10.3587
10.3282
10.4244
10.572
10.4794
10.4863
10.6411
10.6735
10.5038
10.5351
10.9031
10.3036
10.2638
10.3324
10.5763
10.5695
10.5782
10.3849
10.7015
10.4495
10.4664
10.427
10.422
10.7506
10.5414
10.5346
10.7964
10.3094
10.6904
10.6445
10.6464
10.5767
10.5016
10.4951
10.7228
10.7141
10.7073
10.5888
10.297
10.6617
10.1894
10.5907
10.5857
10.5435
10.8419
10.4088
10.4019
10.3017
10.3144
10.4669
10.4619
10.5323
10.4384
10.5301
10.7178
10.3301
10.5413
10.6875
10.4111
10.8007
10.3381
10.3399
10.4614
10.5975
10.4955
10.4055
10.5025
10.3538
10.3054
10.6487
10.6369
10.635
10.5804
10.4281
10.4331
10.7003
10.3226
10.3157
10.3968
10.3932
10.3882
10.3814
10.5353
10.5371
10.5321
10.5408
10.5389
10.3825
10.4641
10.4996
10.4915
10.5786
10.5727
10.3744
10.5654
10.3868
10.304
10.3968
10.4036
10.4469
10.3265
10.435
10.44
10.4381
10.6648
10.7723
10.5031
10.326
10.5628
10.6477
10.2423
10.4658
10.586
10.5503
10.2921
10.2705
10.4603
10.4672
10.6814
10.6324
10.6915
10.5291
10.6008
10.3077
10.4874
10.1843
10.5386
10.1045
10.3655
10.3723
10.3774
10.5828
10.5997
10.4118
10.5053
10.5122
10.72
10.4286
10.4524
10.5195
10.5997
10.5521
10.6558
10.4563
10.4394
10.5992
10.3296
10.6136
10.4514
10.4421
10.3168
10.4311
10.6076
10.6126
10.6727
10.5914
10.6134
10.4881
10.4023
10.1867
10.2368
10.6047
10.8382
10.3748
10.3253
10.6702
10.4706
10.4667
10.5808
10.1118
10.9499
10.6171
10.4764
10.6802
10.5936
10.6252
10.5461
10.6051
10.5264
10.4412
10.8324
10.3767
10.4434
10.4347
10.4397
10.4379
10.4803
10.5983
10.5933
10.7022
10.5371
10.5862
10.4893
10.8705
10.3666
10.5194
10.5144
10.5162
10.523
10.6585
10.2984
10.2798
10.3511
10.4223
10.5702
10.2086
10.677
10.397
10.4846
10.5334
10.3122
10.3053
10.3103
10.3172
10.3703
10.4993
10.4025
10.5207
10.688
10.629
10.3131
10.6922
10.3094
10.6669
10.5924
10.5874
10.4713
10.5351
10.2186
10.3127
10.4461
10.3216
10.8488
10.4561
10.2852
10.3858
10.6627
10.2255
10.459
10.4936
10.3765
10.2077
10.7298
10.6025
10.6105
10.8974
10.3528
10.3668
10.3718
10.61
10.6081
10.1885
10.3024
10.3042
10.5583
10.5167
10.5149
10.6793
10.6572
10.4978
10.5065
10.8269
10.5174
10.6759
10.2157
10.3772
10.5449
10.639
10.5823
10.6226
10.4575
10.395
10.4126
10.7241
10.6018
10.2419
10.558
10.3368
10.5508
10.5576
10.5389
10.5595
10.5526
10.563
10.568
10.2688
10.5657
10.5707
10.5893
10.6147
10.5077
10.7406
10.5286
10.7183
10.9693
10.2099
10.4475
10.7329
10.3506
10.7333
10.7383
10.5331
10.4355
10.6622
10.3608
10.657
10.2812
10.5306
10.4353
10.3047
10.3066
10.4912
10.6149
10.3875
10.5147
10.1912
10.6296
10.6228
10.6209
10.6754
10.565
10.56
10.521
10.6143
10.6193
10.3008
10.5281
10.8147
10.4522
10.4591
10.5548
10.5145
10.5127
10.6017
10.2035
10.3721
10.602
10.401
10.2661
10.3657
10.7967
10.7917
10.7049
10.7191
10.6165
10.4761
10.6058
10.3081
10.3877
10.6316
10.3707
10.5212
10.9473
10.5957
10.4377
10.4358
10.2798
10.3592
10.5134
10.3108
10.6416
10.681
10.4261
10.763
10.676
10.4112
10.8205
10.6314
10.4253
10.3999
10.4017
10.658
10.5117
10.6403
10.2515
10.2847
10.5247
10.3698
10.8169
10.4189
10.2506
10.2907
10.2857
10.3424
10.5132
10.8087
10.6809
10.3802
10.3394
10.557
10.7422
10.3799
10.3794
10.708
10.3953
10.2966
10.546
10.5395
10.6279
10.6989
10.3785
10.5779
10.5421
10.3465
10.583
10.2569
10.5292
10.5149
10.344
10.5055
10.5499
10.5129
10.7197
10.7534
10.4468
10.3812
10.406
10.6046
10.2319
10.5685
10.2536
10.5475
10.4961
10.3838
10.7036
10.3794
10.4931
10.5048
10.745
10.38
10.6834
10.5921
10.5351
10.6105
10.5429
10.6535
10.2218
10.6271
10.699
10.8615
10.6798
10.3967
10.2661
10.6862
10.4316
10.6453
10.4544
10.4476
10.817
10.8247
10.7936
10.5736
10.4955
10.7281
10.4505
10.3513
10.3495
10.188
10.6089
10.5122
10.2967
10.5244
10.3223
10.711
10.5085
10.5067
10.517
10.5757
10.7549
10.5015
10.5812
10.7775
10.5954
10.4195
10.4164
10.5741
10.5672
10.507
10.55
10.1173
10.1162
10.512
10.563
10.6232
10.398
10.3523
10.3454
10.7036
10.4873
10.4804
10.8626
10.5662
10.6173
10.4457
10.4754
10.4735
10.0509
10.8999
10.5677
10.7804
10.4854
10.241
10.494
10.4387
10.331
10.7919
10.8519
10.6182
10.8381
10.2515
10.5225
10.7819
10.7073
10.8794
10.7597
10.4767
10.4622
10.3076
10.2715
10.4117
10.3711
10.3775
10.7261
10.5097
10.5035
10.3286
10.5596
10.4766
10.3448
10.3141
10.2805
10.8364
10.3982
10.3497
10.7567
10.7247
10.1889
10.5358
10.918
10.7731
10.4899
10.5797
10.0978
10.2232
10.6459
10.4875
10.65
10.5528
10.6916
10.3728
10.7316
10.1712
10.855
10.5185
10.409
10.4105
10.4517
10.5794
10.6332
10.3461
10.4858
10.6829
10.4458
10.0896
10.5423
10.7118
10.4831
10.6176
10.2611
10.2542
10.2561
10.4266
10.4721
10.7224
10.5159
10.3697
10.6188
10.2574
10.261
10.6332
10.5575
10.8557
10.4432
10.628
10.3552
10.652
10.2278
10.2259
10.4013
10.4078
10.4129
10.3737
10.6899
10.3331
10.3196
10.647
10.5989
10.5812
10.8457
10.2684
10.5765
10.4179
10.2765
10.6912
10.4799
10.4817
10.194
10.6437
10.4565
10.4355
10.4995
10.3207
10.8349
10.707
10.2068
10.2118
10.3803
10.3548
10.5309
10.6395
10.5873
10.5446
10.3374
10.6003
10.3989
10.2675
10.4773
10.29
10.6884
10.2523
10.8223
10.12
10.5307
10.5326
10.3813
10.4991
10.7474
10.0872
10.3241
10.5252
10.6049
10.7218
10.3182
10.272
10.2652
10.6408
10.5383
10.6646
10.6346
10.4092
10.4161
10.5021
10.761
10.3557
10.5551
10.3338
10.5775
10.23
10.3277
10.1634
10.4913
10.4151
10.1529
10.1762
10.5179
10.1607
10.7231
10.483
10.138
10.6086
10.4721
10.6334
10.3273
10.3346
10.7512
10.3191
10.548
10.713
10.3749
10.3972
10.4263
10.6368
10.6271
10.6152
10.726
10.3334
10.3355
10.1908
10.4133
10.4106
10.6308
10.673
10.7129
10.1611
10.2533
10.8031
10.4632
10.2209
10.6564
10.1738
10.6754
10.4036
10.4021
10.4567
10.6923
10.3721
10.8774
10.4821
10.6493
10.2387
10.2459
10.6128
10.8681
10.6847
10.2377
10.4318
10.5436
10.5804
10.4733
10.3995
10.5312
10.7573
10.449
10.3598
10.2442
10.6442
10.1542
10.3593
10.6292
10.4816
10.3895
10.715
10.3556
10.8045
10.3469
10.5552
10.3008
10.9374
10.6889
10.4963
10.4211
10.1858
10.6412
10.3932
10.2992
10.3716
10.3601
10.6493
10.8674
10.5045
10.5404
10.3781
10.6901
10.4357
10.4208
10.5539
10.768
10.6068
10.7334
10.3654
10.5195
10.1812
10.6675
10.2145
10.8328
10.7618
10.6001
10.5497
10.1798
10.2528
10.6791
10.5282
10.28
10.5891
10.4657
10.3739
10.2935
10.5457
10.4057
10.204
10.3183
10.6908
10.3712
10.6483
10.2085
10.7623
10.6141
10.1748
10.4564
10.3013
10.3054
10.4582
10.2642
10.3232
10.5759
10.6058
10.4805
10.4732
10.2731
10.0914
10.6747
10.5058
10.2633
10.7213
10.4461
10.5302
10.9399
10.7223
10.4477
10.8281
10.5441
10.3755
10.7455
10.6316
10.2862
10.6898
10.3109
10.5806
10.1229
10.5429
10.7498
10.5735
10.4124
10.404
10.7397
10.3209
10.1345
10.2282
10.7057
10.4557
10.6414
10.4601
10.4001
10.2313
10.443
10.146
10.405
10.2332
10.5725
10.5869
10.6171
10.4256
10.6425
10.6694
10.3464
10.5939
10.4377
10.5278
10.5423
10.2733
10.506
10.5272
10.4752
10.7118
10.4153
10.368
10.4975
10.5768
10.6717
10.257
10.5369
10.2579
10.1283
10.266
10.4335
10.75
10.7384
10.5777
10.8434
10.1011
10.7184
10.96
10.6417
10.7528
10.2182
10.358
10.5043
10.5113
10.3116
10.4104
10.6023
10.9043
10.5482
10.5298
10.5236
10.7249
10.846
10.3062
10.3534
10.731
10.2979
10.5932
10.2889
10.5862
10.5558
10.4329
10.5022
10.4935
10.255
10.3934
10.6021
10.4722
10.5587
10.5634
10.338
10.6075
10.7087
10.7818
10.5284
10.6862
10.5328
10.5666
10.1183
10.591
10.4714
10.4405
10.6192
10.4629
10.2669
10.1238
10.4895
10.3863
10.8018
10.2784
10.8875
10.3809
10.3511
10.1862
10.2803
10.3383
10.2634
10.2364
10.6078
10.666
10.1757
10.642
10.1305
10.475
10.7949
10.6958
10.4911
10.5486
10.271
10.4997
10.1384
10.341
10.3437
10.2332
10.3735
10.5135
10.379
10.4941
10.4202
10.7679
10.9031
10.5398
10.7884
10.632
10.4282
10.6366
10.5812
10.1866
10.2789
10.519
10.3751
10.6552
10.8402
10.363
10.5738
10.4401
10.544
10.3087
10.5822
10.2812
10.2236
10.8317
10.8348
10.8689
10.1935
10.303
10.5007
10.4577
10.6344
10.5506
10.1593
10.5388
10.4664
10.4739
10.7657
10.6725
10.0809
10.5068
10.6126
10.4087
10.9099
10.7794
10.8725
10.3795
10.8595
10.8071
10.7235
10.3575
10.5637
10.8558
10.5515
10.7194
10.3482
10.6052
10.7456
10.5515
10.5423
10.8448
10.7471
10.8491
10.3488
10.6406
10.3098
10.8885
10.6107
10.2917
10.6067
10.7776
10.4449
10.7491
10.6069
10.7552
10.4826
10.4359
10.4241
10.5065
10.5082
10.4222
10.3104
10.2629
10.5999
10.8031
10.3418
10.4568
10.2985
10.1484
10.4193
10.4238
10.626
10.3596
10.1515
10.3258
10.4805
10.4605
10.2257
10.7389
10.6108
10.8423
10.1926
10.1083
10.8365
10.2351
10.2195
10.2546
10.4398
10.5128
10.4289
10.3817
10.5121
10.2259
10.4261
10.4115
10.4606
10.5105
10.6347
10.7402
10.6016
10.7031
10.8565
10.5598
10.748
10.634
10.1753
10.4769
10.209
10.6158
10.4998
10.7366
10.5978
10.3638
10.7397
10.5379
10.8863
10.7679
10.3808
10.3451
10.3067
10.5466
10.4501
10.5448
10.8605
10.7554
10.6883
10.7539
10.5456
10.2057
10.6318
10.193
10.5608
10.5779
10.7386
10.5259
10.6336
10.3696
10.6281
10.7786
10.6592
10.3524
10.6138
10.7244
10.4703
10.71
10.6136
10.7816
10.3456
10.4067
10.3701
10.3443
10.4885
10.3886
10.7805
10.1314
10.4786
10.3903
10.648
10.7332
10.7589
10.606
10.1688
10.4729
10.6231
10.5347
10.5279
10.611
10.4527
10.8869
10.7459
10.434
10.4592
10.2394
10.2538
10.7747
10.3478
10.1108
10.8775
10.2808
10.4346
10.2825
10.4772
10.4641
10.8507
10.1425
10.5092
10.6319
10.4181
10.3643
10.729
10.6028
10.6808
10.7107
10.5979
10.4085
10.7447
10.5179
10.6255
10.7272
10.3543
10.5057
10.3985
10.2839
10.5001
10.5051
10.5868
10.8331
10.5643
10.6988
10.7676
10.0682
10.162
10.614
10.6163
10.5955
10.4787
10.4711
10.2588
10.6482
10.3646
10.3145
10.3419
10.6464
10.1766
10.3672
10.3816
10.7294
10.3941
10.4138
10.3982
10.0954
10.2955
10.65
10.7727
10.1835
10.1077
10.1079
10.1881
10.1689
10.1312
10.5584
10.5229
10.4277
10.5548
10.4038
10.5668
10.8856
10.5849
10.8247
10.516
10.3761
10.7773
10.7515
10.41
10.9743
10.862
10.0817
10.2524
10.7574
10.4696
10.7814
10.8452
10.3442
10.7411
10.7599
10.5009
10.5911
10.4948
10.4929
10.2501
10.1255
10.6071
10.4559
10.3877
10.3575
10.5888
10.0529
10.2605
10.6551
10.6295
10.6966
10.5626
10.5266
10.2821
10.8574
10.9248
10.6532
10.4754
10.7157
10.6914
10.6258
10.6638
10.4052
10.6329
10.6345
10.7646
10.5643
10.3438
10.8365
10.2456
10.6864
10.5469
10.7729
10.9127
10.7058
10.6688
10.3546
10.063
10.4258
10.3552
10.362
10.6894
10.6291
10.6379
10.7239
10.5049
10.4101
10.7342
10.6382
10.4213
10.908
10.3756
10.6641
10.4615
10.3693
10.1995
10.7622
10.3385
10.2844
10.7602
10.3543
10.845
10.6775
10.4344
10.6017
10.7341
10.4789
10.8524
10.63
10.4206
10.6734
10.0155
10.115
10.7031
10.4581
10.453
10.7581
10.5089
10.4815
10.26
10.6028
10.8924
10.6949
10.2782
10.7099
10.3496
10.6156
10.2802
10.283
10.2794
10.2474
10.8208
10.1095
10.1186
10.4142
10.4309
10.3726
10.8358
10.3475
10.4609
10.5555
10.282
10.5844
10.3642
10.3501
10.5942
10.6984
10.5092
10.6097
10.2673
10.4796
10.4562
10.5762
10.5567
10.5052
10.3327
10.3396
10.5556
10.199
10.6962
10.2186
10.5907
10.2771
10.4312
10.0904
10.662
10.3446
10.1862
10.6991
10.1957
10.2725
10.5967
10.2907
10.6363
10.7096
10.7728
10.4468
10.4858
10.4308
10.5607
10.4113
10.6518
10.6113
10.3916
10.4113
10.2191
10.7036
10.4174
10.5374
10.5451
10.3333
10.1857
10.6633
10.6395
10.6387
10.0864
10.8488
10.2492
10.1478
10.4399
10.7091
10.6786
10.8509
10.715
10.6778
10.6276
10.637
10.6655
10.3927
10.7009
10.3813
10.5712
10.3369
10.4328
10.552
10.6131
10.4854
10.4786
10.8602
10.0695
10.2136
10.7562
10.6474
10.6605
10.5364
10.5062
10.058
10.5473
10.4938
10.5662
10.6561
10.632
10.5356
10.6139
10.0759
10.3978
10.1639
10.6258
10.3058
10.7053
10.7707
10.7004
10.9006
10.6031
10.1552
10.1811
10.2519
10.2856
10.511
10.8455
10.8645
10.627
10.7728
10.3295
10.2798
10.1497
10.2172
10.6385
10.39
10.3488
10.2154
10.7797
10.4322
10.6702
10.9149
10.5473
10.6049
10.4738
10.7612
10.6521
10.7662
10.497
10.4656
10.183
10.6081
10.4907
10.4637
10.4856
10.7847
10.5611
10.8469
10.0976
10.3918
10.2191
10.3186
10.5388
10.4457
10.5889
10.819
10.2832
10.4756
10.3245
10.5454
10.3351
10.429
10.251
10.1742
10.502
10.737
10.6543
10.4768
10.2638
10.3757
10.7828
10.6542
10.1031
10.4826
10.6273
10.272
10.7121
10.5517
10.5493
10.6667
10.507
10.5079
10.3557
10.5673
10.1583
10.6639
10.5561
10.8558
10.8652
10.5984
10.449
10.2173
10.8121
10.3959
10.6754
10.514
10.5443
10.0994
10.5655
10.3383
10.4078
10.6841
10.2451
10.656
10.5504
10.3977
10.7606
10.5369
10.8732
10.4028
10.3173
10.4097
10.6928
10.444
10.7757
10.651
10.5636
10.4942
10.0835
10.6978
10.5555
10.5501
10.4512
10.4183
10.4823
10.8451
10.3346
10.4472
10.509
10.7749
10.7435
10.4367
10.5042
10.8625
10.1012
10.7947
10.5623
10.8782
10.2382
10.4641
10.4591
10.4049
10.4622
10.2606
10.4081
10.514
10.8551
10.4741
10.7485
10.3465
10.5205
10.9293
10.4723
10.8633
10.4841
10.3195
10.4579
10.3607
10.2882
10.7065
10.3061
10.7928
10.7115
10.3145
10.246
10.3912
10.427
10.2624
10.4764
10.5108
10.7202
10.6825
10.3785
10.4256
10.7271
10.7321
10.3425
10.1533
10.646
10.5127
10.3803
10.4681
10.719
10.4885
10.4992
10.7739
10.444
10.7408
10.3657
10.2875
10.3872
10.7476
10.3744
10.3118
10.5132
10.2478
10.3223
10.7526
10.4511
10.2693
10.3111
10.1099
10.7613
10.8047
10.6612
10.7663
10.2104
10.8719
10.7751
10.5145
10.2903
10.885
10.5015
10.2711
10.5095
10.1551
10.5288
10.2932
10.8029
10.178
10.7808
10.2953
10.5203
10.4646
10.4627
10.3021
10.5137
10.3163
10.5038
10.2729
10.2766
10.8788
10.3205
10.2789
10.913
10.5238
10.7041
10.5187
10.3365
10.4028
10.8683
10.5113
10.3831
10.4509
10.3181
10.3035
10.338
10.6988
10.4479
10.3218
10.3287
10.3063
10.5078
10.2702
10.4183
10.6478
10.2747
10.5132
10.6944
10.0803
10.6994
10.7044
10.3198
10.32
10.7007
10.7025
10.4202
10.7951
10.8619
10.3085
10.5935
10.5535
10.4429
10.1753
10.2054
10.2834
10.8733
10.2914
10.0853
10.6547
10.2723
10.3248
10.173
10.3311
10.6712
10.5483
10.7652
10.8501
10.4542
10.4602
10.1501
10.3447
10.4275
10.436
10.4589
10.31
10.5201
10.267
10.2944
10.6565
10.4105
10.2396
10.5046
10.0735
10.2551
10.8784
10.145
10.9224
10.3316
10.4997
10.8844
10.2501
10.2004
10.2483
10.7309
10.6634
10.5269
10.8103
10.895
10.4811
10.6652
10.3429
10.5568
10.3081
10.5464
10.3337
10.513
10.3153
10.3204
10.7054
10.5099
10.3272
10.7702
10.3322
10.1452
10.4216
10.1871
10.341
10.168
10.3423
10.5592
10.3354
10.4328
10.5541
10.3355
10.4435
10.89
10.1502
10.9111
10.8268
10.2965
10.3392
10.4278
10.672
10.56
10.3981
10.4363
10.3436
10.2059
10.5396
10.8311
10.5107
10.3243
10.3504
10.3423
10.439
10.2035
10.9037
10.5362
10.6361
10.438
10.421
10.235
10.2958
10.4678
10.1049
10.3792
10.6739
10.4697
10.5532
10.3555
10.3623
10.7801
10.1908
10.4178
10.4647
10.4143
10.3033
10.4238
10.1
10.5115
10.7851
10.4093
10.4313
10.411
10.389
10.3673
10.8218
10.3892
10.3942
10.3956
10.1402
10.3824
10.3859
10.7901
10.4226
10.4024
10.3323
10.5394
10.3978
10.3442
10.5885
10.5327
10.4009
10.8131
10.3742
10.2231
10.346
10.4078
10.2652
10.2309
10.5904
10.4458
10.8164
10.5177
10.8019
10.3497
10.2433
10.5259
10.3478
10.5624
10.1698
10.431
10.23
10.4888
10.5155
10.6662
10.5753
10.5462
10.3305
10.3615
10.3684
10.3702
10.4444
10.8077
10.2085
10.5184
10.3083
10.5785
10.8669
10.724
10.3821
10.8781
10.6667
10.5563
10.2602
10.3839
10.4046
10.8008
10.4513
10.3366
10.4098
10.1352
10.4264
10.1716
10.3958
10.1302
10.9093
10.5545
10.4454
10.5224
10.7262
10.731
10.5772
10.3976
10.4415
10.5187
10.5722
10.4531
10.1251
10.4095
10.3065
10.2428
10.5191
10.3301
10.5246
10.2551
10.779
10.5253
10.7291
10.7423
10.6385
10.5293
10.46
10.5894
10.7323
10.7342
10.3348
10.7671
10.658
10.3337
10.0684
10.3959
10.8095
10.5494
10.5603
10.2058
10.5621
10.7008
10.4619
10.3451
10.7652
10.5315
10.9074
10.5645
10.1735
10.5782
10.5814
10.492
10.5896
10.58
10.5846
10.3398
10.4426
10.5526
10.8069
10.3598
10.4477
10.4169
10.4637
10.8051
10.467
10.7528
10.1201
10.5334
10.2159
10.5322
10.515
10.0632
10.6178
10.6146
10.2127
10.7441
10.6493
10.4639
10.1151
10.4655
10.2309
10.305
10.5505
10.7323
10.9124
10.8101
10.457
10.7304
10.6424
10.507
10.3649
10.5373
10.7076
10.2277
10.6374
10.6006
10.502
10.4371
10.7136
10.2383
10.4538
10.5082
10.8151
10.5002
10.2346
10.4422
10.4115
10.9137
10.6967
10.6287
10.8201
10.4506
10.4891
10.5618
10.2611
10.4403
10.4823
10.6218
10.2401
10.9105
10.8431
10.5423
10.4456
10.6124
10.4385
10.3767
10.4422
10.3909
10.2561
10.5892
10.6943
10.5513
10.5682
10.4388
10.8394
10.8182
10.4435
10.7094
10.4403
10.5114
10.5444
10.4819
10.7584
10.5276
10.4337
10.5492
10.189
10.5787
10.2351
10.6856
10.5257
10.5569
10.4983
10.5883
10.7113
10.8275
10.9254
10.5738
10.5542
10.5189
10.497
10.6688
10.8134
10.4411
10.5045
10.6619
10.5833
10.494
10.23
10.379
10.5688
10.514
10.5524
10.225
10.499
10.8115
10.7181
10.4306
10.5209
10.6646
10.4486
10.3886
10.7373
10.3224
10.3722
10.5593
10.6577
10.4692
10.6509
10.2926
10.6353
10.5918
10.6472
10.3936
10.6148
10.4866
10.4761
10.6335
10.3704
10.4965
10.6129
10.6266
10.6011
10.2908
10.72
10.2369
10.8012
10.746
10.4623
10.0745
10.4555
10.5571
10.8147
10.0659
10.5595
10.3685
10.5049
10.294
10.5027
10.4215
10.3451
10.2268
10.3206
10.4307
10.0644
10.2921
10.4233
10.6467
10.5119
10.4183
10.4728
10.5172
10.3617
10.5606
10.5592
10.2903
10.4674
10.2287
10.4151
10.6498
10.2885
10.585
10.6875
10.5714
10.4206
10.2816
10.2227
10.2748
10.5359
10.5104
10.4031
10.5085
10.4224
10.5637
10.2236
10.5478
10.4311
10.3999
10.2679
10.09
10.4692
10.3256
10.5546
10.4105
10.6056
10.8612
10.5706
10.5633
10.433
10.4018
10.4055
10.3776
10.7268
10.5756
10.9207
10.2492
10.5683
10.4141
10.4091
10.362
10.4178
10.5752
10.2255
10.4485
10.4128
10.5839
10.5067
10.3306
10.4572
10.4746
10.2273
10.471
10.5788
10.7337
10.4659
10.5428
10.4834
10.6174
10.6672
10.5803
10.2291
10.3383
10.2773
10.3269
10.6138
10.4651
10.7565
10.6696
10.4706
10.4619
10.4655
10.3356
10.5857
10.6063
10.4674
10.7547
10.6219
10.615
10.2424
10.3917
10.508
10.5994
10.559
10.3314
10.6509
10.3899
10.6044
10.6255
10.5608
10.6113
10.5645
10.2405
10.6163
10.6342
10.5963
10.8412
10.5626
10.2965
10.5713
10.328
10.6477
10.4958
10.3881
10.3015
10.6195
10.5732
10.806
10.3826
10.4429
10.2546
10.2529
10.6949
10.2564
10.4669
10.8042
10.2632
10.6358
10.3084
10.693
10.5926
10.6438
10.3876
10.5231
10.265
10.2337
10.8092
10.2668
10.6429
10.5919
10.3134
10.4701
10.698
10.6526
10.5281
10.8125
10.9087
10.2737
10.2319
10.8849
10.6962
10.6498
10.7368
10.5937
10.3406
10.6208
10.4751
10.624
10.2163
10.2742
10.4852
10.489
10.4802
10.8005
10.2755
10.23
10.276
10.3388
10.6603
10.74
10.5058
10.6657
10.7986
10.3445
10.4821
10.8079
10.3752
10.337
10.7468
10.5108
10.3476
10.2465
10.509
10.6833
10.342
10.2446
10.7045
10.2232
10.692
10.2897
10.2828
10.6308
10.347
10.752
10.3613
10.6601
10.3871
10.3202
10.4753
10.2149
10.3645
10.3221
10.6007
10.6243
10.903
10.7436
10.9249
10.8698
10.3289
10.702
10.3376
10.3852
10.3545
10.7486
10.6582
10.4571
10.6261
10.7536
10.7089
10.4703
10.2707
10.3308
10.6632
10.7189
10.3971
10.6614
10.7257
10.5277
10.633
10.3695
10.4652
10.3764
10.3862
10.6664
10.5327
10.2688
10.7345
10.3951
10.4621
10.6783
10.7395
10.3901
10.5309
10.6398
10.7463
10.405
10.3832
10.7992
10.7923
10.7854
10.2012
10.755
10.2081
10.5971
10.773
10.76
10.8097
10.778
10.7849
10.7688
10.7674
10.1994
10.4637
10.8236
10.1926
10.6192
10.649
10.7312
10.2222
10.199
10.1958
10.1374
10.3844
10.5824
10.5805
10.8081
10.6567
10.8479
10.3296
10.1461
10.1429
10.1497
10.2022
10.2054
10.6635
10.1465
10.2017
10.1985
10.3857
10.4256
10.4539
10.147
10.1949
10.6704
10.7994
10.7673
10.1383
10.4201
10.1981
10.3789
10.4489
10.4439
10.7605
10.1963
10.6772
10.7779
10.377
10.776
10.7976
10.555
10.6841
10.7742
10.7368
10.7299
10.5934
10.5531
10.7281
10.6859
10.5137
10.7207
10.7294
10.4388
10.6965
10.7275
10.8026
10.697
10.4151
10.7033
10.5187
10.7102
10.422
10.712
10.6928
10.4288
10.6946
10.7138
10.5952
10.4338
10.4101
10.7939
10.5677
10.5947
10.4051
10.4001
10.5966
10.7139
10.5929
10.7852
10.5911
10.7765
10.1392
10.7747
10.7847
10.5942
10.5727
10.3953
10.1119
10.1894
10.5709
10.7897
10.7966
10.5696
10.5714
10.5691
10.1844
10.5622
10.3935
10.5553
10.8016
10.8084
10.1775
10.5485
10.5508
10.5466
10.6427
10.5874
10.5527
10.6013
10.5398
10.549
10.5806
10.5379
10.3868
10.1707
10.5311
10.1137
10.3803
10.757
10.5242
10.5837
10.5174
10.5155
10.1657
10.1588
10.5237
10.5082
10.5219
10.515
10.5637
10.5013
10.1538
10.4945
10.325
10.4876
10.4807
10.4739
10.5471
10.1451
10.5989
10.6311
10.2104
10.8129
10.8229
10.8379
10.8179
10.8279
10.8329
10.1169
10.1306
10.1238
10.8036
10.8086
10.8136
10.8186
10.8429
10.1087
10.1019
10.0968
10.0882
10.0814
10.0727
10.7797
10.7846
10.863
10.8548
10.878
10.8598
10.5783
10.6076
10.6025
10.8748
10.918
10.858
10.873
10.8899
10.6057
10.6113
10.6044
10.6131
10.888
10.6039
10.597
10.5952
10.893
10.898
10.9099
10.9149
10.913
10.9299
10.9281
10.6979
10.7185
10.7047
10.7066
10.9331
10.63
10.6369
10.6487
10.6506
10.6625
10.6643
10.683
10.6762
10.6968
10.6849
10.9381
10.6986
10.7005
10.7023
10.7042
10.706
10.701
10.9431
10.696
10.9481
10.9531
10.9581
10.963
10.7203
10.7222
10.7171
10.7121
10.714
10.709
10.7108
10.7077
10.7095
10.6726
10.6977
10.6927
10.6876
10.6288
10.6826
10.6776
10.6607
10.6626
10.6576
10.5987
10.7058
10.6388
10.6338
10.6169
10.6188
10.6069
10.6019
10.6037
10.5837
10.5887
10.5868
10.5805
10.5855
10.5824
10.5774
10.5724
10.5674
10.5554
10.5504
10.5523
10.5473
10.5191
10.5353
10.5202
10.5303
10.5322
10.5221
10.5241
10.4435
10.3634
10.3565
10.3494
10.5262
10.5628
10.0277
10.9534
10.1689
10.4403
10.8393
10.8972
10.9612
10.0442
10.8594
10.6453
10.6141
10.9404
10.2041
10.3873
10.0114
10.8949
10.5034
10.9373
10.6108
10.6541
10.2156
10.017
10.2131
10.1954
10.2103
10.8273
10.767
10.1607
10.3472
10.1821
10.6675
10.3122
10.7978
10.7024
10.4425
10.928
10.0866
10.5719
10.0518
10.1216
10.6071
10.4076
10.8933
10.2519
10.7373
10.2773
10.7628
10.4774
10.3863
10.9315
10.8672
10.5374
10.7743
10.838
10.1472
10.5115
10.9049
10.3727
10.2867
10.2426
10.728
10.509
10.417
10.8648
10.9668
10.1117
10.5977
10.97
10.0617
10.5473
10.4675
10.6767
10.3378
10.8231
10.3216
10.6931
10.8069
10.4519
10.0961
10.569
10.2262
10.7114
10.7884
10.0775
10.1731
10.0263
10.4301
10.6363
10.0394
10.9496
10.3952
10.9186
10.2369
10.1635
10.1245
10.1265
10.1419
10.0967
10.3087
10.0703
10.0668
10.3544
10.0253
10.3838
10.3823
10.4313
10.479
10.4775
10.4874
10.4246
10.3987
10.3923
10.0815
10.1457
10.1521
10.1311
10.1005
10.123
10.3687
10.3476
10.2973
10.2407
10.0365
10.0469
10.3
10.1346
10.261
10.7463
10.7535
10.9855
10.4903
10.5816
10.36
10.5245
10.2901
10.7847
10.4204
10.9149
10.5943
10.6895
10.8421
10.6294
10.88
10.3502
10.8491
10.2336
10.7187
10.2647
10.1038
10.0702
10.5553
10.4596
10.3293
10.8151
10.8895
10.976
10.4805
10.5342
10.1248
10.4976
10.4924
10.4741
10.4691
10.4641
10.4591
10.4541
10.4491
10.4441
10.4391
10.4341
10.3789
10.4141
10.409
10.4039
10.0866
10.0916
10.1668
10.1718
10.1768
10.1818
10.1117
10.1868
10.1918
10.2923
10.2822
10.2873
10.1968
10.272
10.2771
10.2619
10.2018
10.267
10.2068
10.2569
10.317
10.322
10.3738
10.312
10.2118
10.3573
10.2519
10.3372
10.2218
10.3321
10.2268
10.2168
10.3271
10.2319
10.0633
10.0582
10.0416
10.2468
10.1585
10.1368
10.1167
10.0753
10.1067
10.3037
10.3422
10.3624
10.0531
10.0303
10.386
10.4191
10.4811
10.1406
10.128
10.4762
10.0716
10.162
10.0682
10.0955
10.4291
10.2357
10.381
10.3072
10.3521
10.0265
10.0295
10.0218
10.3913
10.9401
10.9593
10.1658
10.9941
10.0062
10.5001
10.4999
10.6197
10.9407
10.8329
10.6386
10.1634
10.1981
10.2075
10.9336
10.389
10.651
10.6165
10.0174
10.8993
10.8641
10.9665
10.5085
10.5687
10.1062
10.5528
10.0651
10.462
)
;

boundaryField
{
    bc0
    {
        type            zeroGradient;
    }
    bc1
    {
        type            zeroGradient;
    }
    bc2
    {
        type            zeroGradient;
    }
    bc3
    {
        type            zeroGradient;
    }
    top
    {
        type            zeroGradient;
    }
    bottom
    {
        type            zeroGradient;
    }
}


// ************************************************************************* //
