7.49676
7.49676
7.49676
7.49651
7.49642
7.49483
7.4511
7.09506
6.51767
6.09895
5.83505
5.66392
5.57108
5.54206
5.51978
5.50264
5.48918
5.47866
5.47025
5.46356
5.45807
5.4536
5.4498
5.44663
5.4445
5.47373
5.99713
6.99166
5.87487
5.4402
5.4163
5.40998
5.4043
5.39894
5.39399
5.3893
5.38497
5.38087
5.37708
5.3735
5.37019
5.36705
5.36415
5.3614
5.35886
5.35645
5.35422
5.35207
5.3501
5.34823
5.34648
5.34481
5.34331
5.34191
5.34077
5.34499
5.36855
5.39259
5.41695
5.44152
5.46636
5.49139
5.51667
5.54215
5.56787
5.59379
5.61995
5.64631
5.6729
5.69969
5.72671
5.75393
5.78137
5.80899
5.83684
5.86487
5.89311
5.92152
5.95014
5.97893
6.00791
6.03705
6.06637
6.09583
6.12547
6.15523
6.18515
6.21518
6.24534
6.2756
6.30596
6.33641
6.36692
6.3975
6.42811
6.45876
6.48939
6.52003
6.55063
6.58118
6.61164
6.64201
6.67224
6.70232
6.73221
6.76188
6.79131
6.82044
6.84926
6.87773
6.9058
6.93344
6.96064
6.98726
7.01341
7.03894
7.06386
7.08812
7.11169
7.13455
7.15665
7.17797
7.1985
7.21821
7.23709
7.25512
7.2723
7.28863
7.30411
7.31874
7.33254
7.34553
7.35773
7.3691
7.37976
7.38968
7.39891
7.40746
7.41538
7.42269
7.42943
7.43563
7.44133
7.44655
7.45133
7.4557
7.45969
7.46332
7.46663
7.46963
7.47236
7.47483
7.47707
7.47911
7.48091
7.48258
7.48407
7.48541
7.48662
7.4877
7.48868
7.48956
7.49035
7.49105
7.49169
7.49226
7.49277
7.49323
7.49364
7.49401
7.49434
7.49464
7.49491
7.49516
7.49536
7.49557
7.49576
7.49593
7.49608
7.49623
7.49637
7.49651
7.49664
7.49677
13.1253
13.1253
13.1253
13.1256
13.1255
13.1233
13.1488
13.4726
14.0092
14.3781
14.5755
14.6284
14.0235
14.065
13.9411
14.1154
14.1109
14.1053
14.0976
14.0875
14.075
14.0594
14.0404
14.0163
13.9846
13.9086
13.3076
-4.82178
13.4624
13.9711
14.0359
14.0711
14.0987
14.1216
14.1411
14.1581
14.173
14.1864
14.1984
14.2093
14.2191
14.228
14.236
14.2432
14.2495
14.255
14.2588
14.2559
14.2045
14.2508
14.2308
14.197
14.2209
14.2117
14.2412
14.7623
14.9322
14.9723
14.9868
14.9898
14.9862
14.9783
14.9673
14.954
14.9388
14.9222
14.9042
14.8852
14.8652
14.8444
14.8228
14.8006
14.7777
14.7543
14.7303
14.7058
14.6809
14.6556
14.6298
14.6037
14.5772
14.5504
14.5232
14.4958
14.4681
14.4401
14.4118
14.3834
14.3547
14.3258
14.2967
14.2675
14.2381
14.2086
14.179
14.1493
14.1195
14.0897
14.0599
14.0301
14.0003
13.9706
13.941
13.9115
13.8821
13.853
13.824
13.7953
13.7669
13.7388
13.7111
13.6838
13.657
13.6306
13.6048
13.5795
13.5548
13.5308
13.5075
13.4848
13.4629
13.4418
13.4214
13.4018
13.3831
13.3652
13.3482
13.332
13.3166
13.3021
13.2883
13.2755
13.2633
13.252
13.2414
13.2316
13.2224
13.2139
13.2061
13.1988
13.1921
13.186
13.1803
13.1751
13.1704
13.166
13.1621
13.1585
13.1552
13.1522
13.1495
13.147
13.1448
13.1428
13.141
13.1394
13.1379
13.1366
13.1354
13.1343
13.1333
13.1324
13.1317
13.131
13.1303
13.1298
13.1293
13.1288
13.1284
13.128
13.1277
13.1274
13.1272
13.1269
13.1267
13.1265
13.1263
13.1261
13.126
13.1258
13.1257
13.1256
13.1254
13.1253
0.00046304
0.00046304
0.000462992
0.000462675
0.000462781
0.000462977
0.000466321
0.000509262
0.000719794
0.00118436
0.00181386
0.00248368
0.00297534
0.00315234
0.00329639
0.00341285
0.0035072
0.00358353
0.00364544
0.00369607
0.00373776
0.0037726
0.00380201
0.00382741
0.00385035
0.00390367
0.00504636
0.0201179
0.00475569
0.00404045
0.00407689
0.00412837
0.00417747
0.00422396
0.00426804
0.00430968
0.00434909
0.00438625
0.00442137
0.00445444
0.00448567
0.00451507
0.00454281
0.00456892
0.00459356
0.00461677
0.0046387
0.00465944
0.00467909
0.00469738
0.00471487
0.00473131
0.00474651
0.00476045
0.00477222
0.00472992
0.00450118
0.00428004
0.00406856
0.0038668
0.00367463
0.00349166
0.00331764
0.00315216
0.00299494
0.00284562
0.00270393
0.0025695
0.00244209
0.00232137
0.00220708
0.00209891
0.00199664
0.00189996
0.00180865
0.00172245
0.00164113
0.00156445
0.00149221
0.00142417
0.00136014
0.00129991
0.0012433
0.00119011
0.00114019
0.00109333
0.00104941
0.00100823
0.000969685
0.000933589
0.000899834
0.000868279
0.000838786
0.000811262
0.000785565
0.000761613
0.000739277
0.000718484
0.000699116
0.00068111
0.000664355
0.000648799
0.00063434
0.000620929
0.000608487
0.000596952
0.000586266
0.000576371
0.000567214
0.000558744
0.000550915
0.000543683
0.000537033
0.000530824
0.000525169
0.000519932
0.000515107
0.000510666
0.000506579
0.00050282
0.000499366
0.000496192
0.000493279
0.000490605
0.000488154
0.000485907
0.000483848
0.000481964
0.00048024
0.000478663
0.000477222
0.000475905
0.000474724
0.000473595
0.000472616
0.000471706
0.000470878
0.000470124
0.00046944
0.000468818
0.000468253
0.000467741
0.000467276
0.000466855
0.000466474
0.000466129
0.000465817
0.000465535
0.000465281
0.000465051
0.000464843
0.000464656
0.000464486
0.000464349
0.000464188
0.000464079
0.000463968
0.000463868
0.000463779
0.000463699
0.000463627
0.000463563
0.000463506
0.000463454
0.000463408
0.000463366
0.000463329
0.000463296
0.000463266
0.000463239
0.000463215
0.000463193
0.000463173
0.000463166
0.000463132
0.000463128
0.000463114
0.000463101
0.000463089
0.000463079
0.000463069
0.000463059
0.00046305
0.00046304
0.000878274
0.000878274
0.00087826
0.000878177
0.000878528
0.000886146
0.000918823
0.000963354
0.000997978
0.00101651
0.0010226
0.00102162
0.00101573
0.00100699
0.000997336
0.000986862
0.000975677
0.000963958
0.000951897
0.000939678
0.000927456
0.000915362
0.000903497
0.000891938
0.000880745
0.000869953
0.000859488
0.000848089
0.000858068
0.000866176
0.000873791
0.000880987
0.000887768
0.000894142
0.000900116
0.000905703
0.000910915
0.000915764
0.000920267
0.000924438
0.000928293
0.000931848
0.000935119
0.000938122
0.000940874
0.00094339
0.000945684
0.000947773
0.000949666
0.000951377
0.000952916
0.000954284
0.000955465
0.000956408
0.000956971
0.000956804
0.000955576
0.000953903
0.000952045
0.000950112
0.00094815
0.000946181
0.000944215
0.000942258
0.000940314
0.000938385
0.000936475
0.000934586
0.000932719
0.000930878
0.000929064
0.000927279
0.000925524
0.000923801
0.000922111
0.000920456
0.000918836
0.000917252
0.000915706
0.000914197
0.000912727
0.000911295
0.000909903
0.000908549
0.000907235
0.000905961
0.000904726
0.000903529
0.000902372
0.000901254
0.000900174
0.000899131
0.000898126
0.000897158
0.000896226
0.00089533
0.000894469
0.000893641
0.000892848
0.000892087
0.000891358
0.00089066
0.000889992
0.000889354
0.000888744
0.000888162
0.000887607
0.000887078
0.000886575
0.000886095
0.000885639
0.000885206
0.000884794
0.000884403
0.000884033
0.000883681
0.000883349
0.000883034
0.000882736
0.000882454
0.000882188
0.000881937
0.0008817
0.000881477
0.000881267
0.000881068
0.000880882
0.000880707
0.000880542
0.000880387
0.000880242
0.000880105
0.000879977
0.000879858
0.000879745
0.000879641
0.000879542
0.000879451
0.000879365
0.000879285
0.00087921
0.000879141
0.000879076
0.000879016
0.000878959
0.000878907
0.000878858
0.000878813
0.000878771
0.000878732
0.000878696
0.000878663
0.000878632
0.000878603
0.000878576
0.000878552
0.000878529
0.000878508
0.000878488
0.00087847
0.000878453
0.000878438
0.000878424
0.000878411
0.000878398
0.000878387
0.000878377
0.000878367
0.000878358
0.00087835
0.000878342
0.000878335
0.000878329
0.000878322
0.000878317
0.000878311
0.000878306
0.000878301
0.000878296
0.000878292
0.000878287
0.000878283
0.000878279
0.000878274
0.000511983
0.000511983
0.000511958
0.000512203
0.000511387
0.000493664
0.00041728
0.000310083
0.000213076
0.000134556
7.29527e-05
2.45656e-05
3.97395e-08
4.45807e-08
1.15954e-08
4.93279e-08
4.1799e-08
3.60222e-08
3.10607e-08
2.66168e-08
2.25389e-08
1.87432e-08
1.518e-08
1.18152e-08
8.64881e-09
5.62418e-09
2.74927e-09
0
3.713e-09
7.33849e-09
1.07021e-08
1.3966e-08
1.70886e-08
2.00832e-08
2.29566e-08
2.57144e-08
2.8361e-08
3.08992e-08
3.33293e-08
3.56477e-08
3.78465e-08
3.99128e-08
4.1829e-08
4.35753e-08
4.51258e-08
4.64075e-08
4.70805e-08
4.49525e-08
2.74849e-08
4.14039e-08
3.38757e-08
2.44337e-08
3.00506e-08
2.72356e-08
3.53634e-08
4.46833e-06
2.65262e-05
4.79034e-05
6.84987e-05
8.83314e-05
0.000107426
0.000125806
0.000143493
0.000160509
0.000176872
0.000192602
0.000207717
0.000222234
0.000236172
0.000249547
0.000262377
0.000274678
0.000286465
0.000297757
0.000308568
0.000318914
0.00032881
0.000338272
0.000347315
0.000355953
0.0003642
0.000372071
0.000379579
0.000386737
0.000393558
0.000400056
0.000406243
0.00041213
0.00041773
0.000423055
0.000428114
0.00043292
0.000437483
0.000441812
0.000445919
0.000449812
0.000453501
0.000456995
0.000460303
0.000463433
0.000466393
0.000469191
0.000471836
0.000474333
0.00047669
0.000478914
0.000481012
0.000482989
0.000484852
0.000486607
0.000488258
0.000489812
0.000491273
0.000492647
0.000493937
0.000495148
0.000496285
0.000497352
0.000498352
0.00049929
0.000500168
0.00050099
0.00050176
0.00050248
0.000503153
0.000503782
0.00050437
0.000504919
0.000505431
0.000505909
0.000506354
0.000506769
0.000507155
0.000507515
0.00050785
0.000508162
0.000508451
0.00050872
0.00050897
0.000509202
0.000509417
0.000509617
0.000509802
0.000509974
0.000510133
0.00051028
0.000510416
0.000510542
0.000510658
0.000510766
0.000510865
0.000510957
0.000511041
0.000511119
0.000511191
0.000511258
0.000511319
0.000511375
0.000511427
0.000511475
0.000511519
0.00051156
0.000511597
0.000511632
0.000511663
0.000511692
0.000511719
0.000511744
0.000511767
0.000511788
0.000511808
0.000511826
0.000511843
0.000511859
0.000511874
0.000511887
0.000511901
0.000511913
0.000511925
0.000511936
0.000511947
0.000511958
0.000511968
0.000511979
