7.49676
7.49676
7.49669
7.49092
7.43149
7.06721
6.39693
5.90385
5.68659
5.61175
5.56508
5.53468
5.51393
5.49908
5.48798
5.47939
5.4725
5.46686
5.46208
5.45799
5.45438
5.4512
5.44833
5.44648
5.45929
5.64795
6.3288
6.99166
6.20358
5.56028
5.43066
5.41961
5.41552
5.41182
5.40833
5.40494
5.40174
5.39863
5.39569
5.39281
5.39009
5.38743
5.3849
5.38243
5.38008
5.37779
5.3756
5.37346
5.37142
5.36942
5.36752
5.36566
5.36388
5.36214
5.36048
5.35885
5.35728
5.35575
5.3543
5.35287
5.35151
5.35018
5.34891
5.34766
5.34647
5.3453
5.34418
5.34309
5.34205
5.34102
5.34005
5.3391
5.33819
5.3373
5.33646
5.33563
5.33485
5.33407
5.33334
5.33263
5.33195
5.33129
5.3307
5.33017
5.32976
5.33454
5.34589
5.35738
5.36898
5.38064
5.39236
5.40414
5.41596
5.42784
5.43976
5.45174
5.46375
5.47582
5.48792
5.50007
5.51225
5.52448
5.53674
5.54903
5.56135
5.5737
5.58608
5.59848
5.6109
5.62333
5.63578
5.64823
5.66071
5.67313
5.6856
5.69804
5.71047
5.72287
5.73525
5.7476
5.7599
5.77215
5.78435
5.79649
5.80855
5.82053
5.83241
5.8442
5.85592
5.86785
5.87818
5.88462
5.90866
5.93073
5.94707
5.96367
5.98184
6.00181
6.02345
6.04653
6.07085
6.09619
6.12239
6.14926
6.1767
6.20458
6.23284
6.26143
6.2903
6.31944
6.34886
6.37854
6.40851
6.43875
6.46926
6.50004
6.53107
6.56231
6.59374
6.62531
6.65698
6.68872
6.72049
6.75225
6.78397
6.81563
6.84722
6.87872
6.91015
6.94151
6.97283
7.00416
7.03557
7.06715
7.09904
7.13145
7.16453
7.19873
7.23479
7.27374
7.31723
7.36771
7.42821
7.49677
13.1253
13.1253
13.1254
13.1296
13.1768
13.4836
14.0611
14.403
13.9027
13.9905
14.0399
14.049
14.0505
14.0474
14.0415
14.0336
14.0242
14.0134
14.0013
13.9877
13.9724
13.9548
13.9342
13.9085
13.8613
13.6258
12.8676
-4.82177
13.0569
13.7726
13.9441
13.9841
14.0103
14.0318
14.0502
14.0662
14.0804
14.0933
14.1049
14.1156
14.1255
14.1347
14.1432
14.1513
14.1588
14.1659
14.1726
14.179
14.185
14.1908
14.1963
14.2015
14.2065
14.2114
14.2159
14.2204
14.2246
14.2287
14.2326
14.2364
14.24
14.2436
14.2469
14.2502
14.2534
14.2564
14.2594
14.2622
14.265
14.2676
14.2701
14.2726
14.275
14.2773
14.2798
14.2822
14.2833
14.2723
14.2634
14.2785
14.2496
14.2064
14.2183
14.2462
14.2774
14.7812
14.8979
14.9429
14.9677
14.9828
14.9921
14.9977
15.0005
15.0013
15.0005
14.9985
14.9954
14.9914
14.9866
14.9812
14.9753
14.9688
14.9619
14.9546
14.947
14.939
14.9307
14.9222
14.9135
14.9045
14.8953
14.8859
14.8764
14.8668
14.857
14.847
14.837
14.8269
14.8167
14.8064
14.7961
14.7857
14.7753
14.7649
14.7545
14.7441
14.7337
14.7233
14.713
14.7024
14.6933
14.6881
14.6653
14.6446
14.6298
14.6147
14.5981
14.5798
14.5598
14.5384
14.5158
14.4921
14.4676
14.4424
14.4165
14.3902
14.3634
14.3363
14.3088
14.281
14.2529
14.2244
14.1956
14.1665
14.137
14.1072
14.0772
14.0468
14.0162
13.9855
13.9546
13.9236
13.8925
13.8614
13.8303
13.7993
13.7682
13.7373
13.7064
13.6755
13.6446
13.6137
13.5828
13.5516
13.5201
13.4881
13.4553
13.4215
13.3858
13.3471
13.304
13.2538
13.1936
13.1253
0.00046304
0.00046304
0.000463034
0.000463229
0.000467823
0.000514244
0.000811438
0.00161094
0.00237864
0.00274649
0.00301065
0.00319889
0.00333542
0.00343733
0.00351578
0.00357803
0.00362874
0.00367112
0.00370725
0.00373868
0.00376643
0.00379134
0.00381396
0.0038355
0.00387045
0.00414078
0.00691353
0.0201179
0.00613028
0.00413723
0.00402258
0.00404918
0.00408138
0.00411257
0.00414268
0.00417168
0.00419973
0.0042268
0.00425301
0.00427834
0.0043029
0.00432666
0.00434972
0.00437204
0.00439372
0.00441471
0.00443511
0.00445488
0.00447409
0.00449271
0.00451082
0.00452837
0.00454543
0.00456197
0.00457806
0.00459366
0.00460881
0.0046235
0.00463779
0.00465164
0.00466511
0.00467816
0.00469084
0.00470311
0.00471504
0.00472658
0.0047378
0.00474865
0.00475919
0.00476937
0.00477926
0.00478881
0.00479807
0.00480701
0.00481567
0.00482403
0.00483213
0.00484002
0.00484755
0.00485474
0.00486182
0.00486857
0.00487477
0.00488031
0.00488481
0.00483575
0.00472132
0.00460818
0.00449717
0.00438849
0.00428222
0.00417835
0.00407686
0.00397775
0.00388095
0.00378646
0.00369422
0.00360422
0.00351641
0.00343077
0.00334725
0.00326584
0.00318649
0.00310917
0.00303386
0.00296051
0.0028891
0.0028196
0.00275197
0.00268619
0.00262222
0.00256004
0.00249964
0.0024409
0.00238393
0.00232861
0.00227493
0.00222286
0.00217239
0.00212348
0.00207611
0.00203025
0.00198587
0.00194296
0.00190148
0.00186143
0.00182276
0.00178548
0.00174963
0.00171546
0.00168087
0.00164228
0.00161932
0.00158998
0.00155036
0.00150692
0.00146149
0.00141484
0.00136741
0.00131956
0.00127164
0.00122393
0.00117671
0.00113025
0.00108475
0.00104041
0.000997422
0.000955918
0.000916033
0.000877873
0.000841522
0.000807041
0.000774467
0.000743814
0.000715072
0.000688209
0.000663177
0.00063991
0.000618331
0.000598356
0.000579894
0.000562854
0.000547145
0.000532676
0.000519363
0.000507121
0.000495872
0.000485539
0.000476051
0.000467339
0.000459339
0.000451994
0.000445255
0.000439088
0.000433483
0.000428453
0.00042398
0.000420243
0.000417676
0.000416919
0.000419165
0.000426443
0.000441575
0.00046304
0.000878274
0.000878274
0.00087831
0.000881332
0.000904319
0.000982322
0.00103807
0.00104852
0.00103524
0.0010195
0.00100389
0.000988621
0.00097411
0.000960613
0.000948197
0.000936818
0.000926382
0.000916783
0.000907921
0.000899702
0.000892048
0.00088489
0.000878172
0.000871844
0.000865863
0.000860173
0.000854525
0.000848089
0.000854041
0.00085859
0.000862769
0.000866759
0.000870585
0.000874258
0.000877787
0.00088118
0.000884443
0.000887584
0.000890609
0.000893521
0.000896327
0.000899031
0.000901637
0.000904148
0.000906568
0.000908901
0.000911149
0.000913315
0.000915403
0.000917415
0.000919353
0.00092122
0.000923018
0.00092475
0.000926417
0.000928022
0.000929566
0.000931052
0.000932482
0.000933856
0.000935178
0.000936449
0.000937669
0.000938842
0.000939969
0.00094105
0.000942088
0.000943084
0.00094404
0.000944956
0.000945835
0.000946677
0.000947484
0.000948257
0.000948997
0.000949705
0.000950383
0.000951032
0.000951649
0.000952237
0.000952793
0.00095331
0.00095377
0.000954134
0.000954314
0.000954113
0.000953513
0.000952737
0.000951882
0.000950995
0.000950096
0.000949194
0.000948294
0.000947398
0.000946506
0.000945621
0.000944741
0.000943868
0.000943002
0.000942144
0.000941293
0.000940451
0.000939617
0.000938792
0.000937976
0.00093717
0.000936373
0.000935587
0.000934811
0.000934046
0.000933292
0.000932549
0.000931817
0.000931097
0.00093039
0.000929694
0.000929011
0.000928341
0.000927684
0.00092704
0.000926409
0.000925792
0.000925188
0.000924599
0.000924025
0.000923465
0.000922923
0.000922402
0.000921907
0.000921453
0.000921063
0.000920717
0.000920272
0.000919715
0.000919065
0.000918339
0.000917549
0.000916706
0.000915818
0.00091489
0.000913925
0.00091293
0.000911908
0.000910864
0.000909803
0.000908728
0.000907644
0.000906555
0.000905465
0.000904377
0.000903296
0.000902223
0.000901161
0.000900114
0.000899082
0.000898068
0.000897073
0.000896099
0.000895147
0.000894216
0.000893309
0.000892425
0.000891564
0.000890727
0.000889913
0.000889123
0.000888355
0.00088761
0.000886887
0.000886185
0.000885504
0.000884843
0.000884201
0.000883578
0.000882973
0.000882385
0.000881813
0.000881258
0.000880717
0.000880191
0.00087968
0.000879183
0.000878708
0.000878274
0.000511983
0.000511983
0.000511885
0.000504816
0.000450926
0.000265615
0.000112981
2.80704e-05
3.78297e-08
4.26295e-08
4.374e-08
3.59505e-08
3.01065e-08
2.55167e-08
2.18092e-08
1.8734e-08
1.61225e-08
1.38597e-08
1.18653e-08
1.00822e-08
8.46842e-09
6.99252e-09
5.63035e-09
4.36804e-09
3.18371e-09
2.06847e-09
1.01336e-09
0
1.82902e-09
3.56556e-09
5.24524e-09
6.84566e-09
8.3948e-09
9.89063e-09
1.13381e-08
1.2741e-08
1.41024e-08
1.54252e-08
1.67118e-08
1.79643e-08
1.91846e-08
2.03745e-08
2.15354e-08
2.26688e-08
2.37757e-08
2.48575e-08
2.5915e-08
2.69493e-08
2.79613e-08
2.89518e-08
2.99216e-08
3.08714e-08
3.1802e-08
3.27142e-08
3.36086e-08
3.44858e-08
3.53466e-08
3.61915e-08
3.70212e-08
3.78361e-08
3.86369e-08
3.94238e-08
4.01973e-08
4.09574e-08
4.17041e-08
4.2437e-08
4.31557e-08
4.3859e-08
4.45457e-08
4.52148e-08
4.58666e-08
4.65049e-08
4.71414e-08
4.77993e-08
4.85043e-08
4.92095e-08
4.93602e-08
4.42763e-08
4.05333e-08
4.62795e-08
3.52248e-08
2.35233e-08
2.61115e-08
3.3583e-08
4.46218e-08
4.83008e-06
1.57051e-05
2.64194e-05
3.69374e-05
4.72572e-05
5.73808e-05
6.73102e-05
7.70472e-05
8.6594e-05
9.59522e-05
0.000105124
0.00011411
0.000122913
0.000131535
0.000139976
0.000148239
0.000156325
0.000164236
0.000171973
0.000179539
0.000186934
0.000194161
0.000201221
0.000208115
0.000214846
0.000221415
0.000227823
0.000234072
0.000240164
0.0002461
0.000251881
0.00025751
0.000262987
0.000268315
0.000273495
0.000278529
0.000283417
0.000288161
0.000292763
0.000297225
0.000301548
0.000305733
0.000309784
0.000313704
0.0003175
0.000321201
0.000324919
0.000328794
0.000332943
0.000337406
0.000342176
0.000347224
0.00035251
0.00035799
0.000363615
0.000369341
0.000375123
0.000380921
0.000386698
0.000392423
0.000398068
0.000403609
0.000409026
0.000414305
0.000419433
0.0004244
0.0004292
0.000433828
0.000438283
0.000442563
0.000446671
0.000450608
0.000454378
0.000457984
0.000461433
0.000464728
0.000467876
0.000470883
0.000473756
0.000476499
0.000479121
0.000481627
0.000484023
0.000486316
0.000488512
0.000490617
0.000492636
0.000494575
0.00049644
0.000498235
0.000499964
0.000501634
0.000503248
0.000504809
0.000506321
0.000507789
0.000509216
0.000510608
0.000511979
